1|True|93.0|0.8633253630951112
2|False|39.0|1.0032005337482284
3|True|17.0|0.715759664776193
4|False|43.0|1.0020568930897797
5|True|11.0|0.49212077757829575
6|True|24.0|0.4892318742858954
7|True|17.0|0.4709559275549676
8|True|12.0|0.7832002814418451
9|False|24.0|1.006426350884948
10|True|24.0|0.8239520931860906
11|False|19.0|1.0119829983116027
12|True|54.0|0.9315084349703855
13|False|13.0|1.0331027413235554
14|True|37.0|0.9207197093797901
15|False|51.0|1.0015019604867268
16|True|26.0|0.7696195471042075
17|True|19.0|0.4335775929098249
18|False|10.0|1.041864144668685
19|False|29.0|1.0102298489939678
20|True|16.0|0.4916269309647822
21|True|27.0|0.8403992192057489
22|True|18.0|0.8945989065222693
23|False|16.0|1.0119857597592263
24|True|11.0|0.6909698270043498
25|True|12.0|0.574565944136773
26|False|11.0|1.063070351350979
27|False|9.0|1.0356745292932508
28|False|30.0|0.7659907246820477
29|True|37.0|0.7164658360857546
30|False|38.0|0.9796170501916027
31|True|26.0|0.5183694346943082
32|False|18.0|1.00876714177541
33|False|33.0|1.001565440389216
34|True|12.0|0.4424308347702848
35|False|14.0|1.0338988403922869
36|False|15.0|1.0298641499713692
37|False|28.0|1.0190929599976175
38|False|29.0|1.0073848585723817
39|False|20.0|1.0111772633137892
40|False|20.0|1.0093764111952621
41|False|25.0|1.0018520783185076
42|True|12.0|0.6923433744333355
43|False|8.0|1.009708449029575
44|False|6.0|1.0435752723849072
45|False|34.0|1.0017787387168964
46|True|11.0|0.9679737937728528
47|False|7.0|1.0425340543544819
48|False|28.0|1.0049127325831515
49|True|23.0|0.9791743994025698
50|False|28.0|1.000669970996323
51|False|40.0|1.004386431746804
52|True|15.0|0.7968131126107992
53|False|28.0|1.0143914507151357
54|False|16.0|1.0117404177193612
55|True|11.0|0.3391026902361057
56|True|11.0|0.35833787773590703
57|True|11.0|0.47335682994337575
58|True|28.0|0.6089069068495921
59|True|18.0|0.8310512952952168
60|False|35.0|0.6174516542507772
61|False|115.0|0.6989112713130508
62|True|10.0|0.18541414674618545
63|True|29.0|0.9205567522222854
64|False|9.0|1.0012444198672041
65|True|12.0|0.3495468244402011
66|False|14.0|1.0265042116231766
67|True|16.0|0.7765149948880603
68|True|46.0|0.9719274498743318
69|True|18.0|0.546426923147926
70|True|14.0|0.2655260070093777
71|True|49.0|0.6573193444965971
72|True|15.0|0.6661924435625377
73|True|17.0|0.9717383053175125
74|False|14.0|1.00007746559593
75|False|10.0|1.0114507031547981
76|False|9.0|1.0163039489263879
77|True|10.0|0.6306600956286532
78|True|29.0|0.6273591375628704
79|True|20.0|0.8590884843555642
80|True|37.0|0.9537201562555888
81|False|51.0|0.9993398303628102
82|False|21.0|1.0027936534031259
83|False|12.0|1.0185394879763081
84|False|5.0|1.0791435312202244
85|True|10.0|0.7481243984928643
86|True|11.0|0.7992858021945208
87|True|16.0|0.6987348148851967
88|False|16.0|1.0007678464383003
89|True|11.0|0.4533689557930725
90|True|26.0|0.817658096163854
91|False|12.0|1.0070956863302474
92|False|34.0|1.0014533669472423
93|True|12.0|0.37379010226372156
94|True|11.0|0.513583621265861
95|True|49.0|0.971076087751802
96|False|9.0|1.0250508185240064
97|False|13.0|1.0593269412830433
98|False|24.0|1.001181352403297
99|False|23.0|1.0020281890391551
100|False|18.0|1.0275935547605963
101|False|17.0|0.7597087647598001
102|True|11.0|0.9184205991094312
103|False|25.0|1.0082488381764987
104|True|14.0|0.34220512203571135
105|False|8.0|1.0127041929188851
106|False|14.0|1.005025307503461
107|True|10.0|0.9384581836352134
108|False|14.0|1.0158951638467477
109|False|17.0|0.9213048932674948
110|True|18.0|0.8779259665370802
111|False|8.0|1.0172639597689879
112|True|12.0|0.5616987709194265
113|False|6.0|1.0228397859598484
114|False|8.0|1.0183835936774763
115|False|8.0|1.0134517072426046
116|False|10.0|1.0296489743991206
117|False|9.0|1.0492185306818287
118|False|9.0|1.0192918912677529
119|False|26.0|0.9735305889382025
120|True|22.0|0.9010286022599332
121|True|20.0|0.5445864737489067
122|False|12.0|1.0813121156785044
123|False|15.0|1.0024883781883291
124|False|9.0|1.0029735735350476
125|False|6.0|1.0168037850283596
126|False|17.0|1.0186693423308026
127|False|9.0|1.0118296953957389
128|False|16.0|1.0016799059697978
129|False|17.0|1.0056300360822803
130|False|13.0|1.0186277862801336
131|False|10.0|1.02232061695452
132|False|20.0|1.0139128048631283
133|False|12.0|1.007573548865251
134|False|23.0|1.013128912157322
135|True|17.0|0.8550147195705734
136|False|4.0|1.0143849919246395
137|False|16.0|1.0020998911767038
138|False|21.0|1.005813604943567
139|False|22.0|1.0140911188953812
140|True|17.0|0.8337872012993197
141|True|10.0|0.8667854364858156
142|False|6.0|1.0252359363852288
143|True|12.0|0.914754106160146
144|False|10.0|1.016529874420052
145|True|14.0|0.23258782079238619
146|False|5.0|1.0112006200472066
147|False|19.0|1.000048471770189
148|False|11.0|1.0684792761618531
149|False|7.0|1.0305813900514724
150|True|11.0|0.09262912668278113
151|True|12.0|0.4458574260681635
152|False|2.0|1.0013491663655332
153|False|7.0|1.0094585231484756
154|False|7.0|1.041363939621866
155|False|35.0|0.9246261634914756
156|True|35.0|0.8750697519017182
157|False|11.0|1.020847542639638
158|False|3.0|1.15414365051023
159|False|22.0|1.014151006592402
160|False|9.0|1.110346643506717
161|False|9.0|1.0179022876369526
162|False|41.0|1.0012481422811985
163|True|30.0|0.7971959728976228
164|False|7.0|1.0031322350431604
165|True|34.0|0.8397574503226859
166|False|7.0|1.001309198144919
167|False|19.0|1.0202956374455983
168|False|None|None
169|False|14.0|1.0071253984968436
170|False|5.0|1.07203947943925
171|False|3.0|1.2207888917712593
172|False|36.0|1.0031588205448607
173|True|11.0|0.6323110087018247
174|False|2.0|1.1357804038279247
175|False|6.0|1.0213260264593877
176|False|14.0|1.0072370604913155
177|False|10.0|1.0375016671843713
178|False|36.0|1.0026158625872175
179|True|11.0|0.7858067768266613
180|False|6.0|1.0013858925450967
181|False|8.0|1.0374782528245943
182|True|13.0|0.6388038727919036
183|False|16.0|1.0011274668157253
184|False|55.0|1.000478707952757
185|True|24.0|0.6700416596982198
186|False|14.0|1.0036177106839355
187|False|4.0|1.0153172792410488
188|False|10.0|1.0261612652973782
189|False|7.0|1.070892574663588
190|True|40.0|0.8331692676441327
191|False|16.0|1.008700187191592
192|False|14.0|1.0042173377334356
193|False|12.0|1.0106136465428488
194|True|11.0|0.8753923067857253
195|False|5.0|1.0151272331700383
196|False|19.0|1.002908665132819
197|False|5.0|1.0018898223968447
198|False|7.0|1.0036283117584297
199|False|9.0|1.0227235565613053
200|False|5.0|1.0129671222722827
201|False|12.0|1.0163479215828013
202|False|6.0|1.0082407890258491
203|True|32.0|0.943104361098541
204|False|8.0|1.026183037763018
205|True|11.0|0.7692266675308741
206|False|5.0|1.4470640961589327
207|False|13.0|1.022986530831672
208|True|11.0|0.7161118507285703
209|False|16.0|1.0081426565648184
210|True|10.0|0.7740308345117289
211|False|21.0|0.990314864763322
212|False|7.0|1.002230571426454
213|False|4.0|1.0122126493931463
214|True|10.0|0.2963753694533983
215|False|8.0|1.0215151122290504
216|False|33.0|1.0022177109948602
217|False|19.0|1.0297080660854632
218|False|7.0|1.022412896845522
219|False|9.0|1.0084232842213827
220|False|11.0|1.0089051956243462
221|False|18.0|1.0463634393202352
222|True|11.0|0.7903015053581615
223|False|12.0|1.013384504670777
224|True|29.0|0.850105225491861
225|False|2.0|1.225262096171497
226|False|9.0|1.0131154353510647
227|False|13.0|1.067995683171891
228|False|5.0|1.002539829558222
229|True|19.0|0.7367465981924423
230|True|18.0|0.9016463920212595
231|True|10.0|0.8632350787669882
232|False|19.0|1.0165463158280128
233|False|33.0|1.0015404626301556
234|True|14.0|0.8534243778742425
235|False|7.0|1.0452696227125948
236|False|8.0|1.056547583422965
237|False|2.0|1.4095567334080465
238|False|8.0|1.0573260761371288
239|False|22.0|1.009346984456412
240|False|12.0|1.0312914048563249
241|True|22.0|0.6701369438234658
242|False|30.0|1.0003772080630333
243|False|7.0|1.0311254353086576
244|False|12.0|1.005045072686605
245|False|8.0|1.0196808655744252
246|False|7.0|1.0160946598179124
247|True|23.0|0.8545000955107619
248|True|14.0|0.355704506381308
249|False|8.0|1.022854121332332
250|False|7.0|1.0026765912002418
251|False|11.0|1.0249849649583689
252|False|9.0|1.0395263713749345
253|False|8.0|1.0128664151578393
254|False|12.0|0.953301392239676
255|False|13.0|1.0379316165108998
256|False|9.0|1.1369145782322723
257|False|9.0|1.081856545160873
258|False|14.0|1.0069565513463545
259|True|10.0|0.5610115262526233
260|False|9.0|1.0655854440465473
261|False|16.0|1.0004623286628547
262|False|13.0|1.003182985716184
263|True|24.0|0.7868254687169557
264|False|9.0|1.055787844745992
265|True|34.0|0.9677470130179652
266|False|19.0|1.010648166380734
267|False|28.0|1.0001482869226705
268|False|10.0|1.0011853792347238
269|False|12.0|1.0073927680124726
270|True|10.0|0.6489952151101914
271|False|10.0|1.0150354156856622
272|False|11.0|1.0266080642776532
273|False|2.0|1.3016139239119753
274|False|7.0|1.0740434317776946
275|False|11.0|1.0270038556086487
276|False|5.0|1.030438275749238
277|True|12.0|0.8559020279034131
278|False|None|None
279|False|10.0|1.2977909759423365
280|False|10.0|1.0114124433129128
281|True|15.0|0.7406128249885046
282|False|7.0|1.0569496337694608
283|False|5.0|1.0873480925165577
284|False|11.0|1.0062335193534733
285|False|None|None
286|True|22.0|0.7251825238279166
287|False|12.0|1.044370066598672
288|True|30.0|0.9350254729996705
289|False|5.0|1.027869370289352
290|False|24.0|1.0218657806439393
291|False|6.0|1.0277027463161583
292|False|3.0|1.16789723819731
293|False|10.0|1.0068376192923796
294|False|16.0|1.0055570218856975
295|False|7.0|1.124973100513139
296|False|6.0|1.000734660932901
297|False|11.0|1.0215895917473343
298|False|44.0|1.0013827132084232
299|False|6.0|1.0109997835690734
300|False|5.0|1.037065374637488
301|False|8.0|1.0476838976045009
302|False|17.0|1.0162792340750464
303|False|11.0|1.01332661217705
304|True|20.0|0.6685327581065514
305|False|7.0|1.0635561102749782
306|True|11.0|0.7683249108784095
307|False|6.0|1.027676616608591
308|False|15.0|0.9505175711384064
309|False|12.0|1.015404760759137
310|False|5.0|1.0647079859021749
311|False|11.0|1.0015127851077654
312|False|4.0|1.041690973105701
313|False|6.0|1.0094838618778692
314|False|6.0|1.013892450641046
315|True|18.0|0.6570354945683407
316|True|11.0|0.9299204196222054
317|False|11.0|1.0033304149345257
318|True|14.0|0.741009909687337
319|False|6.0|1.1676670823963535
320|False|7.0|1.029064384861938
321|False|9.0|1.0165976800833185
322|False|4.0|1.1916624547547594
323|False|None|None
324|False|32.0|1.0098644613827406
325|False|30.0|1.0039082761957483
326|False|30.0|1.0039430509831027
327|True|17.0|0.8162323342588997
328|False|17.0|1.0267438442289532
329|False|18.0|1.0002226148773652
330|False|18.0|0.7758377970690998
331|False|5.0|1.086943907548479
332|False|5.0|0.7111696058972794
333|False|8.0|1.0439156473316424
334|False|5.0|1.0259879546975792
335|False|31.0|1.0109635584391685
336|True|15.0|0.7381298839925884
337|False|13.0|1.0069800814431693
338|False|14.0|0.8904233077464055
339|False|7.0|1.0242682425388114
340|False|6.0|1.0131602133468507
341|False|8.0|0.9689035900461984
342|False|8.0|1.0361792528095453
343|False|33.0|0.9340837224164904
344|False|9.0|1.0244684211363528
345|False|34.0|1.0036070310869216
346|True|15.0|0.8956315698510576
347|False|11.0|1.046040075966198
348|True|16.0|0.9585221491750568
349|True|10.0|0.9423376603168799
350|True|18.0|0.7220155750028456
351|True|10.0|0.680891040579664
352|False|16.0|1.0109444254350715
353|False|16.0|1.0153892175895474
354|False|10.0|1.0343811035499795
355|False|12.0|1.0328195301289795
356|False|5.0|1.5609724527184123
357|False|10.0|1.016048551056931
358|False|3.0|1.2989748870689934
359|False|21.0|0.9590422170543016
360|False|22.0|0.9045560269061168
361|False|26.0|1.0160441182154685
362|False|4.0|1.0579111886168606
363|False|5.0|1.1643570417471707
364|False|8.0|0.8501115506342334
365|False|12.0|1.016862504266759
366|True|11.0|0.6552439086831273
367|True|16.0|0.9230957683460997
368|False|3.0|1.0503739186182577
369|True|14.0|0.3280849965273581
370|False|9.0|1.0877347736170278
371|False|12.0|1.004114779326067
372|True|19.0|0.8765196041386133
373|False|7.0|0.903837957801565
374|False|20.0|1.0043499172868706
375|True|10.0|0.4822760045847053
376|False|19.0|1.0037128767051324
377|False|7.0|1.0113474042182002
378|False|3.0|1.24332551213631
379|False|3.0|1.2065243103374121
380|True|12.0|0.4819086492828517
381|False|18.0|0.8420369658837328
382|False|8.0|1.031952933285921
383|False|7.0|1.0544902555807583
384|False|15.0|1.0183087830573403
385|True|33.0|0.9631040514173611
386|True|10.0|0.6853612811708726
387|False|28.0|1.0343885060783786
388|False|11.0|1.0329824763279538
389|False|5.0|0.46026179710628884
390|False|16.0|1.0273771432319605
391|False|3.0|1.0855074333694543
392|False|6.0|1.0121732311775649
393|False|None|None
394|False|11.0|1.000090525413569
395|False|7.0|1.0371584299559375
396|False|9.0|1.010741085110676
397|True|10.0|0.9347976932793145
398|False|4.0|1.0542477508612706
399|False|4.0|1.1609537258864546
400|False|14.0|1.0110673296510337
401|False|13.0|1.016440832169969
402|False|10.0|1.029568696024421
403|False|5.0|1.0079766355440876
404|False|4.0|1.1099223786573984
405|False|7.0|1.0120694702865334
406|True|11.0|0.46574434062146963
407|False|8.0|1.0384909606325472
408|False|34.0|1.012556551112926
409|False|None|None
410|False|11.0|1.011596227172946
411|True|11.0|0.8963117869130639
412|False|2.0|1.8841760182798744
413|False|7.0|1.136992416081234
414|False|26.0|0.9222964465748177
415|False|2.0|1.0258212260377415
416|False|5.0|1.0030252994330877
417|False|12.0|1.0206261508399666
418|False|9.0|1.1044676160534728
419|False|9.0|1.037359557167111
420|False|29.0|1.0066384416117415
421|False|20.0|1.0056394987928565
422|False|None|None
423|False|12.0|1.1308045013643215
424|False|7.0|1.0003433328127735
425|False|6.0|1.0436250890191978
426|False|10.0|1.0402480152709397
427|False|14.0|1.0373380421154954
428|False|9.0|1.0482006864101325
429|False|6.0|1.0204222506888476
430|False|25.0|1.0126055274021326
431|False|5.0|1.0137230458382727
432|False|4.0|1.0613474003001562
433|False|12.0|1.0157916778570173
434|False|6.0|1.029006709775536
435|False|14.0|1.010107750629379
436|False|None|None
437|True|14.0|0.7049177598069177
438|False|8.0|1.0000477580649902
439|False|5.0|1.068500598745645
440|False|13.0|0.7702268904484844
441|False|11.0|1.020805747330203
442|False|7.0|1.00696479539756
443|False|9.0|1.0945940117551876
444|False|7.0|1.0365199177680293
445|True|11.0|0.981565977714489
446|False|5.0|1.0245809313575982
447|False|12.0|1.2920891779680568
448|False|5.0|1.0015084305769086
449|False|None|None
450|False|7.0|1.004181317588577
451|False|13.0|1.0137835905870445
452|False|6.0|1.0036753600859543
453|False|24.0|1.0132183386268399
454|False|21.0|0.821187837826858
455|False|18.0|1.005399414332001
456|False|10.0|1.0816359311456123
457|False|9.0|1.0996763319152858
458|True|12.0|0.6185028868088107
459|False|27.0|1.0079947910259248
460|False|9.0|1.012506913794855
461|False|19.0|1.005696109575647
462|False|16.0|1.0000106790979946
463|False|6.0|1.0086211969330796
464|False|13.0|1.0473966397564096
465|False|2.0|1.575050761710693
466|False|3.0|1.024708327640851
467|False|5.0|1.004122616600048
468|True|15.0|0.7591334224836369
469|False|6.0|1.0032281252161954
470|True|11.0|0.7760150075137192
471|False|2.0|1.0581067818351158
472|False|31.0|1.008743868852459
473|False|5.0|1.0006377738587162
474|False|None|None
475|False|9.0|1.0103474003701602
476|False|20.0|1.0209220934895054
477|False|4.0|1.1572868764632256
478|False|5.0|1.0773156291441437
479|False|5.0|1.0038800400286862
480|False|17.0|0.9105610487202684
481|False|10.0|0.9744837707807974
482|True|14.0|0.8603919918580485
483|False|7.0|1.0288903784551422
484|False|9.0|1.056611809101784
485|False|12.0|1.0602699495269086
486|True|14.0|0.7953942122391197
487|False|6.0|1.007997340563373
488|True|10.0|0.5678163901815287
489|True|13.0|0.5471384485295946
490|True|11.0|0.7284618572451865
491|False|7.0|1.001551779998502
492|False|15.0|1.00764754074282
493|False|4.0|1.0656555725833041
494|False|None|None
495|False|20.0|1.008039938349277
496|True|13.0|0.7754778611977038
497|False|17.0|1.0040194596402459
498|False|6.0|1.0886484389238986
499|False|9.0|0.8312802895646477
500|False|None|None
501|False|17.0|1.0145726364982663
502|False|15.0|0.9209567240161727
503|False|7.0|1.0237495417023121
504|True|13.0|0.9153040277777778
505|False|7.0|1.0399062477426668
506|False|33.0|1.0057860367784959
507|False|4.0|1.245486765718674
508|False|19.0|1.0368929686959278
509|False|7.0|1.0948529896646806
510|False|22.0|1.0074888399846131
511|False|11.0|1.0232608539925478
512|False|4.0|1.0826689658261297
513|False|7.0|1.0402385185234972
514|False|6.0|1.0184593783861617
515|True|10.0|0.8550890924183109
516|False|14.0|1.0056886894666626
517|False|4.0|1.0504504900990321
518|True|16.0|0.9233229497717718
519|False|11.0|1.0099136016271713
520|False|6.0|1.0367985624315599
521|False|6.0|1.0311193510981869
522|False|5.0|1.038563341771404
523|False|5.0|1.0156931537215448
524|False|8.0|1.0032424978289538
525|False|4.0|1.232395970829598
526|False|6.0|1.0074464277287936
527|False|3.0|1.0173959029329769
528|False|2.0|1.3950295133267965
529|False|3.0|1.1746417167624394
530|False|3.0|1.1952504856542971
531|False|4.0|1.0601497291873774
532|False|17.0|1.0041650570107359
533|False|8.0|0.8775870746056262
534|False|5.0|1.04446182275284
535|False|6.0|1.0105744154064147
536|False|8.0|1.1072208412204025
537|False|6.0|0.886687037927965
538|False|None|None
539|False|4.0|1.0118099058985113
540|False|9.0|1.0198591716080136
541|False|6.0|0.9712169377217325
542|False|20.0|1.0089471188187216
543|False|9.0|1.0350072427361343
544|False|None|None
545|False|16.0|1.0305583493618176
546|False|5.0|1.016021703762393
547|False|9.0|1.0625269650227653
548|False|17.0|0.963949100512474
549|False|5.0|1.0855067594720071
550|False|23.0|1.009436297295473
551|False|2.0|1.1445903852758992
552|False|None|None
553|False|12.0|0.9990691495700421
554|False|18.0|1.0251353623219521
555|False|None|None
556|False|10.0|1.0182272223658013
557|False|10.0|1.0045271358756311
558|False|6.0|1.0312955758255284
559|False|5.0|1.091422137807259
560|False|5.0|0.96598121227413
561|False|33.0|1.0072606274835405
562|False|2.0|1.0679701636018712
563|False|4.0|1.057119323977413
564|False|6.0|0.8066226284357356
565|False|None|None
566|False|5.0|1.001417343363574
567|False|3.0|1.1450101099052472
568|False|12.0|0.8511028733043369
569|False|14.0|1.030546681707736
570|False|11.0|0.7813597285655293
571|True|16.0|0.78564377577401
572|False|None|None
573|False|3.0|1.196415896644966
574|False|None|None
575|False|5.0|1.0658142547377065
576|False|6.0|1.0046265451569558
577|False|12.0|1.0272759922553256
578|False|8.0|1.065332223931014
579|False|4.0|1.0020081637620302
580|True|18.0|0.8738831238935046
581|False|None|None
582|False|25.0|1.0099948654864754
583|False|10.0|1.0136627940022964
584|False|3.0|1.0995318868429897
585|False|4.0|1.1395676632274145
586|False|10.0|1.0045780673621763
587|False|8.0|1.0223952299136354
588|False|6.0|1.105361859902613
589|False|10.0|1.2330518940652664
590|False|3.0|1.070111429434397
591|False|3.0|1.0471705903357862
592|False|5.0|1.1262489266349383
593|False|8.0|1.0627662522689045
594|False|9.0|1.0361353237120403
595|False|12.0|1.0041119406929213
596|False|20.0|1.030962041572441
597|False|7.0|1.007135881372463
598|False|11.0|1.0136004847902236
599|False|3.0|1.1486966494888733
600|False|7.0|1.019650906661107
601|False|5.0|1.0379202688632945
602|False|6.0|1.007142061483383
603|False|9.0|1.0212560075383603
604|False|2.0|1.2333168435030615
605|True|11.0|0.7968853541589848
606|False|4.0|1.0131432630057005
607|False|11.0|1.0290873289295481
608|False|16.0|0.9414302706584676
609|False|15.0|1.0127717542038448
610|True|11.0|0.9280583842565605
611|False|30.0|1.0029310709482784
612|False|5.0|1.1518349993660624
613|False|7.0|1.0310761061970584
614|False|2.0|1.0067234684842177
615|False|21.0|0.9705752242069747
616|False|17.0|1.011303676804053
617|False|6.0|1.0164926614205383
618|False|6.0|1.029939623433164
619|False|16.0|1.0320132646645312
620|False|4.0|1.0237123098612853
621|False|6.0|1.0948807812934753
622|False|5.0|1.0130523866564638
623|False|None|None
624|False|7.0|1.1126557405603121
625|False|8.0|1.0211837445490328
626|False|8.0|1.0675311076149807
627|False|11.0|1.0369593729134587
628|False|7.0|1.02345286312373
629|False|8.0|1.0272709353048393
630|False|11.0|0.9973901476364362
631|False|5.0|1.0788106768564625
632|False|8.0|1.003997772630444
633|False|5.0|1.073547974183167
634|False|6.0|1.0471711096193737
635|False|15.0|0.9797920254133518
636|False|None|None
637|False|8.0|1.0278178897053656
638|False|2.0|1.7860209499497581
639|False|5.0|1.0674006668614782
640|False|6.0|1.0229668404707466
641|False|19.0|1.0272943594796677
642|False|10.0|0.9325351266216272
643|False|8.0|1.0126926463656207
644|False|3.0|1.2123732809838381
645|False|24.0|1.0132175710898832
646|False|21.0|0.9967412757526305
647|False|3.0|1.0380639293283473
648|False|11.0|1.0012662763495357
649|False|3.0|1.0162067687369085
650|False|3.0|0.9773239856593824
651|False|4.0|1.081037696407433
652|False|3.0|0.9973996765019205
653|False|10.0|1.0696622819879071
654|False|14.0|1.0115507055179533
655|False|5.0|1.0037189509732578
656|False|5.0|1.0755035046004924
657|False|6.0|1.042929354304216
658|False|11.0|1.0785536999472423
659|False|9.0|0.7125273741460821
660|False|10.0|0.8756701472281041
661|False|5.0|1.1097424527884785
662|False|4.0|1.0195723068993972
663|False|6.0|1.059641426500169
664|False|6.0|0.2648290813876998
665|False|4.0|1.1038794069235343
666|False|6.0|1.2159533298012024
667|False|9.0|1.050928532146244
668|False|5.0|1.014869805954203
669|False|5.0|1.0601402388868937
670|False|12.0|1.0311825457926005
671|False|7.0|1.0185308915406315
672|False|3.0|1.0327033192757944
673|False|11.0|1.0013623031238172
674|False|9.0|1.0212595030102274
675|False|None|None
676|False|8.0|1.0378709512693318
677|False|4.0|1.183892476782264
678|False|9.0|1.2510582923196336
679|False|7.0|1.0956471305934146
680|False|8.0|1.0273798765316182
681|False|6.0|1.07222287450284
682|False|None|None
683|False|4.0|0.9711323092754063
684|False|None|None
685|False|4.0|1.012115922612893
686|False|22.0|1.0091015106370698
687|False|2.0|1.1529294793023808
688|False|6.0|1.0028398553412463
689|False|5.0|1.0425284492376348
690|False|6.0|1.0430102390403158
691|False|17.0|1.0145372104205304
692|False|21.0|1.0212489410594037
693|False|13.0|0.9880102972567593
694|False|5.0|1.0209745591358554
695|False|6.0|1.018414942776744
696|True|20.0|0.96184874125958
697|False|3.0|1.0851469239558589
698|False|4.0|1.0241493802603447
699|False|12.0|1.024452527289004
700|False|4.0|1.0677074161206663
701|False|5.0|1.010490069744371
702|False|None|None
703|False|5.0|1.0347348266897225
704|False|None|None
705|False|12.0|1.019606458039471
706|False|9.0|1.0845218466300226
707|False|10.0|1.0195794195613952
708|False|3.0|1.0986247450207856
709|False|7.0|1.008303265551057
710|True|15.0|0.874442623984586
711|False|9.0|1.029169060025438
712|False|3.0|1.4350720545425524
713|True|11.0|0.8901163913290703
714|False|10.0|1.0036810792431818
715|False|8.0|1.08907606843094
716|False|11.0|1.016488272909662
717|False|28.0|1.015133480847482
718|False|4.0|1.5310880829015545
719|False|4.0|0.669751703378541
720|False|6.0|1.0553408487572387
721|False|8.0|1.0329495739338308
722|False|9.0|1.0056330608846369
723|False|4.0|1.0384556851329971
724|False|12.0|1.0637579205269723
725|False|4.0|1.1161887409733318
726|False|7.0|1.0085067567776844
727|True|10.0|0.7240213246445828
728|False|None|None
729|False|4.0|1.0889710373434955
730|False|6.0|1.0001770433584143
731|False|6.0|1.088537693996046
732|False|11.0|1.0202119033334582
733|False|9.0|1.035676088632257
734|False|4.0|1.0679207881527366
735|False|19.0|1.0141816681078533
736|False|11.0|1.027833386423273
737|False|10.0|1.008306896998666
738|False|7.0|1.0844529739079198
739|False|6.0|1.0076086273717757
740|False|5.0|1.0134187353290591
741|False|13.0|1.0014935936230869
742|False|9.0|1.0113417369066777
743|False|4.0|1.0532073745395398
744|False|None|None
745|True|13.0|0.8222946172850215
746|False|6.0|1.03024446907645
747|False|7.0|1.0360507842359383
748|False|10.0|1.0225231164507842
749|False|25.0|1.009796927163961
750|False|5.0|1.0823150864132052
751|False|12.0|1.0752721091460693
752|False|5.0|1.069366382121914
753|False|7.0|1.2214855772889253
754|False|13.0|1.0456821264603453
755|False|2.0|1.0460545632989424
756|True|14.0|0.8018620607582845
757|False|9.0|1.004672099488931
758|False|5.0|1.108837375469541
759|False|7.0|1.0170833925563598
760|False|20.0|1.006393986723936
761|False|2.0|0.9134486164391405
762|False|9.0|0.8360845554244646
763|False|9.0|1.040801494846291
764|False|12.0|1.0347959257380475
765|False|6.0|1.0388611803823773
766|False|5.0|1.0918130978594227
767|False|4.0|1.1178018842625497
768|False|3.0|1.1028180118904498
769|False|None|None
770|False|6.0|1.3285201187345974
771|False|11.0|1.0202658772199065
772|False|18.0|1.0199380211333986
773|False|3.0|1.0021644047959033
774|False|26.0|1.0136738371093956
775|False|10.0|1.0219822948294357
776|False|5.0|1.0457788358273665
777|False|7.0|1.012467952327638
778|False|9.0|1.0871701113273182
779|False|8.0|1.0603371176169964
780|False|None|None
781|False|5.0|1.0225350327470992
782|False|7.0|1.0456404710995537
783|False|5.0|1.003246875
784|False|8.0|1.0007880853008022
785|False|13.0|1.023729153844999
786|False|12.0|1.0160910645753378
787|False|4.0|1.0109708096089418
788|False|12.0|1.000004599354418
789|False|5.0|1.0569779931138557
790|False|21.0|1.0079356927201706
791|True|15.0|0.9535672751133181
792|False|10.0|1.000681458455372
793|False|10.0|1.00707856521871
794|False|9.0|0.9934555940714426
795|False|14.0|0.7520821509528298
796|False|6.0|1.1056986908783784
797|False|5.0|1.1047477607974996
798|False|4.0|1.1070425880766632
799|False|12.0|1.0075190702751968
800|False|5.0|1.0842945866454825
801|False|4.0|1.1430295996592845
802|False|23.0|1.0069583443443273
803|False|5.0|1.013771894152845
804|False|3.0|1.1428374848718983
805|False|4.0|1.0506388640819553
806|False|8.0|1.043051657453836
807|False|3.0|1.0104973435503595
808|False|6.0|1.2131963689715233
809|False|None|None
810|False|16.0|1.032509405509875
811|False|5.0|1.1977868466894452
812|False|17.0|1.0160337896050844
813|False|9.0|1.0671796476988171
814|False|None|None
815|False|10.0|1.0456941885708848
816|False|4.0|1.0007965158325633
817|False|3.0|1.2551085952260663
818|False|10.0|0.9672174960052213
819|False|4.0|1.053490691085615
820|False|13.0|1.018198104163338
821|True|23.0|0.8907444021159054
822|False|6.0|1.2506913341476655
823|False|None|None
824|True|10.0|0.8908010395452273
825|False|22.0|1.0160458493905795
826|False|8.0|1.000814927543569
827|False|7.0|1.0254708735398235
828|False|17.0|1.004113832007247
829|False|3.0|1.1136788626797616
830|True|10.0|0.817931700091838
831|False|10.0|1.0432152882879557
832|True|15.0|0.9416862558657546
833|False|14.0|1.0504223144062497
834|True|12.0|0.869446549446046
835|False|3.0|1.02671740798156
836|False|4.0|1.2567550928193856
837|False|27.0|0.9266145458133694
838|False|3.0|1.0709558100080308
839|False|8.0|1.0360175392842
840|False|2.0|1.1689627617068883
841|False|3.0|1.0023295186157273
842|False|26.0|1.010795778677818
843|True|10.0|0.775702263043853
844|False|None|None
845|False|2.0|1.0664112300254445
846|False|14.0|1.0042210522101218
847|False|7.0|1.0222378942196015
848|False|5.0|1.172091020772839
849|False|5.0|1.0133627254007522
850|False|9.0|0.9930493487968024
851|False|3.0|1.1376357682840283
852|False|5.0|1.1189274729253524
853|False|7.0|1.0015291922223437
854|False|7.0|1.016726449985084
855|False|8.0|1.0694484513011875
856|False|2.0|1.091754092923933
857|False|2.0|1.7578811763183158
858|False|12.0|1.0786016316404021
859|False|9.0|1.0350476176741519
860|False|None|None
861|False|22.0|1.0016465644496562
862|False|None|None
863|False|None|None
864|False|18.0|0.9684660650453933
865|False|7.0|1.0618209549936761
866|False|3.0|1.0949196525239608
867|True|10.0|0.744876091093331
868|False|10.0|0.8338058130967926
869|True|17.0|0.9577769748331609
870|False|9.0|1.0115918211664912
871|False|3.0|1.0263916338037944
872|False|4.0|1.0469167648697781
873|False|5.0|1.0618091846803224
874|False|9.0|1.0979525733983122
875|False|6.0|1.1521160561257433
876|False|7.0|1.0577523160772917
877|False|12.0|1.0133613610021113
878|False|4.0|1.1035787246127209
879|False|10.0|1.0015063773102977
880|False|5.0|1.0610060966662753
881|False|9.0|1.0534183747484245
882|False|5.0|1.1264840035086099
883|False|11.0|1.09871351170618
884|False|2.0|1.4390313396236178
885|False|5.0|1.048514803795522
886|False|7.0|1.0307242353273034
887|False|6.0|1.061980541907595
888|False|6.0|1.0467141241289062
889|False|6.0|1.020165392211428
890|False|None|None
891|True|12.0|0.7832736452426254
892|False|4.0|1.064776426674337
893|False|2.0|1.0061171664289812
894|False|15.0|1.036543287327478
895|False|8.0|1.0272810716211964
896|False|2.0|0.5345834363400044
897|False|5.0|1.02515503170954
898|False|12.0|1.0022109009497608
899|False|5.0|1.0415467534615832
900|False|12.0|1.0140449213455225
901|False|2.0|1.9576165254237288
902|False|None|None
903|False|3.0|1.0385227272727273
904|False|15.0|0.8583935946502524
905|False|11.0|1.009110116893011
906|False|4.0|1.2528545213337159
907|False|13.0|1.0051209117372857
908|False|7.0|1.041615159076375
909|False|11.0|0.9329480041386328
910|False|5.0|1.0203442443300934
911|False|3.0|1.402128617308089
912|False|8.0|1.0110039497502408
913|False|None|None
914|False|12.0|1.04147696328075
915|False|7.0|1.0732801647645565
916|False|None|None
917|False|8.0|1.048358697758109
918|False|15.0|1.0083879836989056
919|False|5.0|1.0299528514600311
920|False|9.0|1.0014624917280968
921|False|3.0|0.9998668367435317
922|False|None|None
923|False|7.0|1.0035819077104384
924|False|10.0|1.0240186394712987
925|False|10.0|1.0305125552343288
926|False|22.0|1.012293332565883
927|False|None|None
928|False|7.0|1.1552367162902788
929|False|11.0|0.7863019386134915
930|False|None|None
931|False|3.0|1.123499051314718
932|False|None|None
933|False|8.0|1.0445108386375062
934|False|9.0|1.0017696505209734
935|False|7.0|1.0300702972709552
936|False|8.0|1.0669253066908682
937|False|17.0|1.016628249849551
938|False|3.0|1.0207338666658823
939|False|5.0|1.0235953638831463
940|False|5.0|1.1254578902928731
941|False|9.0|1.0739787475792608
942|False|13.0|1.0113413405125564
943|False|10.0|1.0269567114516553
944|False|13.0|0.98573628187782
945|True|15.0|0.8483389485675477
946|False|4.0|1.0562051842592208
947|False|5.0|1.0420919251386669
948|False|2.0|1.4050853802595251
949|False|5.0|1.0105072142355893
950|False|7.0|1.0037369727764944
951|False|11.0|1.0027850422066509
952|False|6.0|0.9705525700701201
953|False|3.0|1.1500889941116978
954|False|6.0|0.9718602967788635
955|False|4.0|1.0135768757213928
956|False|2.0|1.1213910393526532
957|True|10.0|0.6792080993321317
958|False|2.0|1.1308284242713655
959|False|9.0|1.0009680641076073
960|False|4.0|1.0809754955078112
961|False|6.0|1.3161711040606074
962|False|10.0|1.0442970291547538
963|False|None|None
964|False|13.0|0.9291400892013281
965|False|12.0|0.967941888766698
966|False|None|None
967|False|6.0|1.16494189763625
968|False|4.0|1.0669463364366283
969|False|5.0|1.0372332108464268
970|False|4.0|1.3225002235822345
971|False|5.0|1.0612546676909302
972|False|4.0|1.1617392107453912
973|False|None|None
974|False|4.0|1.4479227494538254
975|False|8.0|1.014302968949131
976|False|10.0|1.1646569700307514
977|False|12.0|1.0588926791634734
978|False|5.0|1.0163074519639952
979|False|8.0|0.21250649503467794
980|False|5.0|0.9219724699695829
981|False|12.0|1.0126491919585998
982|False|7.0|1.1975632476196967
983|False|5.0|1.0220545181896565
984|True|19.0|0.7960843503278886
985|False|13.0|1.0192242743102173
986|False|6.0|1.0447829466572471
987|False|13.0|1.0089310369441036
988|False|7.0|1.0805646930396722
989|False|3.0|1.0470521271008404
990|False|4.0|1.097728983398651
991|False|7.0|1.1109612333281425
992|False|5.0|1.0281654927946122
993|False|2.0|1.1135408058722343
994|False|14.0|0.9682685373023538
995|False|6.0|1.0760957377021516
996|False|None|None
997|False|6.0|1.0382781580141633
998|False|10.0|1.0932919018866172
999|False|None|None
1000|False|8.0|1.0459019655586212
1001|False|23.0|1.0104475797928556
1002|False|None|None
1003|False|8.0|1.1227952845459643
1004|False|2.0|1.0854433226920928
1005|False|2.0|1.4379854461445942
1006|False|7.0|0.7951604079015695
1007|False|None|None
1008|False|14.0|1.0162505308419152
1009|True|12.0|0.6712723680215065
1010|False|None|None
1011|False|6.0|1.099622100564789
1012|False|3.0|1.3094093603823793
1013|False|4.0|1.1473299813526563
1014|False|None|None
1015|False|None|None
1016|True|11.0|0.9219948405893544
1017|False|None|None
1018|True|11.0|0.82920593749266
1019|False|None|None
1020|False|4.0|1.149688517854315
1021|False|8.0|0.9793795216062929
1022|False|5.0|1.0035549026789004
1023|False|5.0|1.0470385084067837
1024|False|2.0|2.1559368192305053
1025|False|None|None
1026|False|6.0|1.1188882472162793
1027|False|9.0|1.0242446066364974
1028|False|7.0|1.0278963814516338
1029|False|4.0|1.0155114325465775
1030|False|7.0|1.1026760080645162
1031|False|None|None
1032|False|10.0|1.0224626126582934
1033|False|2.0|0.1462820799491619
1034|False|3.0|1.172431262564036
1035|False|8.0|1.0028586998638431
1036|False|7.0|1.043092907054522
1037|False|2.0|1.5255083593503047
1038|False|None|None
1039|False|10.0|1.0925986250168025
1040|False|8.0|1.210555014732314
1041|False|6.0|1.0514161966724846
1042|False|2.0|1.4682053104784578
1043|False|9.0|1.012148097826087
1044|False|7.0|1.0850227049809595
1045|False|6.0|1.0365075520533011
1046|False|12.0|1.0268842407176317
1047|True|12.0|0.7182803923456071
1048|False|3.0|1.1662011945732682
1049|False|2.0|1.057267026279179
1050|False|16.0|1.0306163138087745
1051|False|7.0|1.1278051312414963
1052|False|8.0|1.017626960558278
1053|False|4.0|1.0616256724110518
1054|False|None|None
1055|False|2.0|1.0804218059021002
1056|False|13.0|0.9712126375594515
1057|False|5.0|1.0491157679020762
1058|False|12.0|1.0368763653506918
1059|False|4.0|1.007889245385571
1060|False|5.0|0.9952964312186808
1061|False|5.0|1.01852964676806
1062|False|None|None
1063|False|5.0|1.0209720626672545
1064|False|8.0|1.0571527646252743
1065|True|10.0|0.8912353523784907
1066|False|5.0|1.226021113733566
1067|False|5.0|1.102797921438145
1068|False|None|None
1069|False|11.0|1.043196174277934
1070|False|16.0|1.0186697223832686
1071|False|None|None
1072|False|None|None
1073|False|21.0|1.0099095616299956
1074|False|5.0|1.0066472832060709
1075|False|9.0|1.034381779779266
1076|False|6.0|1.0456031595978899
1077|False|2.0|1.6091010642022774
1078|False|7.0|1.0036143928283305
1079|False|3.0|1.5572431361096775
1080|False|4.0|1.0590487943193303
1081|False|12.0|1.0389976746615315
1082|False|3.0|1.0809815972695471
1083|False|7.0|1.4359915478929992
1084|False|2.0|1.8374210769496895
1085|False|3.0|1.2917679454176823
1086|False|7.0|1.0302842584700376
1087|False|10.0|1.0301216680762209
1088|False|3.0|1.2278476463837293
1089|False|4.0|1.029581898284336
1090|False|11.0|1.0040065073677376
1091|False|9.0|1.0998792282281733
1092|False|7.0|1.02535663100548
1093|False|10.0|1.0507010945877313
1094|False|5.0|1.617305841264438
1095|False|3.0|1.2852524368289224
1096|False|9.0|1.0241234811381361
1097|False|3.0|1.025041982761999
1098|False|16.0|0.9646212087120871
1099|False|None|None
1100|False|5.0|1.096098013698155
1101|False|7.0|0.6601359039117732
1102|False|10.0|1.0209926790692936
1103|False|5.0|1.000108706106198
1104|False|3.0|0.884153038170636
1105|False|None|None
1106|False|8.0|1.055808369234491
1107|False|2.0|1.4669406859660163
1108|False|13.0|1.0494901171320177
1109|False|3.0|1.1273019687413801
1110|False|5.0|1.0805772153378537
1111|False|5.0|1.0078674838846031
1112|False|13.0|1.044970717233959
1113|True|10.0|0.6453637674313673
1114|False|2.0|1.1615183827678304
1115|False|17.0|1.025674303126058
1116|False|6.0|1.1028436153489543
1117|False|9.0|1.0628647146924386
1118|False|15.0|1.0131196644097733
1119|False|9.0|1.0928528457805529
1120|False|None|None
1121|False|13.0|1.0267282279453067
1122|False|None|None
1123|False|8.0|1.0958036355138627
1124|False|3.0|1.002400885709785
1125|False|4.0|1.0227387829011807
1126|False|6.0|0.9456054577755248
1127|False|19.0|0.9801352191240785
1128|False|4.0|2.010562295455363
1129|False|6.0|1.0081291877429222
1130|False|8.0|1.0701628266255654
1131|False|5.0|1.012514458382679
1132|False|None|None
1133|False|6.0|1.0019675084166977
1134|False|9.0|1.0099275388069877
1135|False|4.0|1.0848624614812454
1136|False|7.0|1.0019218213473908
1137|False|None|None
1138|False|3.0|1.2695000338820615
1139|False|2.0|1.465898557283889
1140|False|2.0|1.0893619313463694
1141|False|2.0|1.289588936541397
1142|False|7.0|1.0960929813252165
1143|False|14.0|0.99818728170424
1144|False|17.0|1.0136811080888448
1145|False|9.0|1.0149462517457424
1146|False|None|None
1147|False|2.0|1.757953034652226
1148|False|5.0|1.0149241202105217
1149|True|10.0|0.8653852239147474
1150|False|10.0|1.026620855329028
1151|False|10.0|1.0122392656745547
1152|False|2.0|1.0599187984614444
1153|False|3.0|1.3072930540247947
1154|False|6.0|1.0543382360129434
1155|False|19.0|1.020851284016162
1156|False|9.0|1.0517363980169072
1157|False|3.0|1.1827423494667197
1158|False|4.0|1.031429664076363
1159|False|13.0|0.9757286838275646
1160|True|18.0|0.7249330965296562
1161|False|5.0|1.1725469528437593
1162|False|None|None
1163|False|5.0|1.2467752044181286
1164|False|2.0|1.584571518611712
1165|True|14.0|0.9075602437714171
1166|False|2.0|1.838665302340423
1167|False|None|None
1168|True|18.0|0.9441500946560132
1169|False|8.0|1.073410461781865
1170|False|2.0|1.0539008651070996
1171|True|11.0|0.8008251460961042
1172|False|9.0|0.9886824161183518
1173|False|14.0|0.969737865665134
1174|False|10.0|1.0542834993282535
1175|False|12.0|1.0026174550102402
1176|False|7.0|1.015288775930419
1177|False|9.0|1.0486759547184983
1178|False|8.0|0.9839233014084368
1179|False|5.0|1.054392532303786
1180|False|6.0|1.1960925477751343
1181|False|3.0|1.1868424373675683
1182|False|14.0|1.063658002726585
1183|False|3.0|1.1044423300279749
1184|False|12.0|1.0229732345814704
1185|False|5.0|1.1691651525117672
1186|False|4.0|1.11609683490291
1187|False|17.0|1.0123316259071353
1188|False|2.0|1.2055458044138754
1189|False|4.0|1.0098160759871033
1190|False|4.0|1.0720977397617424
1191|False|7.0|0.9441606192732064
1192|False|6.0|1.0781897740078885
1193|False|2.0|1.0805743944963369
1194|False|8.0|1.0102015201413053
1195|False|10.0|1.0076697465142241
1196|False|6.0|1.1458600029347104
1197|False|8.0|1.0396317531581998
1198|False|10.0|0.9390151913472478
1199|False|7.0|1.0263576455931942
1200|False|4.0|1.2408665508736494
1201|False|None|None
1202|True|10.0|0.8196196874047353
1203|False|3.0|1.2157907494808862
1204|False|6.0|1.079403505158833
1205|True|10.0|0.650276969561325
1206|False|None|None
1207|False|6.0|1.0176625515085371
1208|False|11.0|1.0215338882055418
1209|False|6.0|1.0061518802715805
1210|False|None|None
1211|False|4.0|1.127078419924438
1212|False|3.0|1.0448497317930199
1213|False|None|None
1214|False|6.0|1.1368723833952474
1215|False|2.0|1.3620704750591386
1216|False|3.0|1.2300378056793215
1217|False|3.0|0.9812656268851735
1218|False|None|None
1219|False|14.0|1.0561470027230457
1220|False|6.0|1.1887954066690645
1221|False|4.0|1.0318081520438338
1222|True|11.0|0.8592841864653054
1223|True|10.0|0.5321346361053972
1224|False|4.0|1.0955082772025067
1225|False|11.0|0.8542013382309271
1226|False|12.0|1.0977904730171275
1227|True|13.0|0.8643805110991047
1228|False|6.0|0.8016874500668361
1229|False|5.0|1.0860759390876136
1230|False|10.0|1.0187286726562987
1231|False|None|None
1232|False|3.0|1.1436752155923458
1233|False|8.0|1.0395669436346473
1234|False|4.0|1.0353082149789206
1235|False|3.0|1.10221520040619
1236|True|12.0|0.8570136167711598
1237|False|2.0|1.372689666794692
1238|False|4.0|0.9139690316317238
1239|False|17.0|1.0053380029102252
1240|False|13.0|1.0126575740311448
1241|False|2.0|1.01291232411349
1242|False|16.0|1.000852922977696
1243|False|5.0|0.9471674851788255
1244|False|2.0|1.568344442137411
1245|False|5.0|1.249089696528258
1246|False|3.0|1.0033916959104325
1247|False|4.0|1.1293203409049055
1248|False|23.0|0.7869033548893738
1249|False|7.0|1.0465271059166543
1250|False|4.0|1.0331648528702109
1251|False|11.0|1.031116226502681
1252|False|None|None
1253|False|5.0|1.020323968139603
1254|False|4.0|1.0158778440099052
1255|False|11.0|1.0861972762131429
1256|False|5.0|1.0919641557135105
1257|False|3.0|1.0545362689669782
1258|False|7.0|1.0521325404525597
1259|False|2.0|0.11204223806074884
1260|False|3.0|1.0926651367078666
1261|False|8.0|1.0320144831274585
1262|False|None|None
1263|False|7.0|1.0405855151146515
1264|False|5.0|1.1980839905645593
1265|False|7.0|1.0354766576508598
1266|False|5.0|1.135799534574468
1267|False|7.0|1.1559764085632123
1268|False|7.0|0.9408015550845198
1269|True|23.0|0.8411424746256939
1270|False|None|None
1271|False|None|None
1272|False|9.0|1.0941457285759062
1273|False|10.0|1.067576508944074
1274|False|5.0|1.0104239533917612
1275|False|4.0|1.0779777038461436
1276|False|4.0|1.0784882667847369
1277|False|6.0|1.0238896899106167
1278|False|None|None
1279|False|5.0|1.0007418342805703
1280|False|10.0|1.0622489973333906
1281|False|5.0|1.0177566708065184
1282|False|4.0|1.1160834702620426
1283|False|5.0|1.200485608311005
1284|False|11.0|1.1012282618672253
1285|False|4.0|1.1906016181680128
1286|False|None|None
1287|False|3.0|1.0065109216553616
1288|False|7.0|1.1359712762405292
1289|False|6.0|1.1255126931897226
1290|False|3.0|1.0255554287453397
1291|False|None|None
1292|False|4.0|1.1569666450997753
1293|False|3.0|1.0370899751409226
1294|False|None|None
1295|False|7.0|1.013244682230692
1296|False|15.0|1.0112397206417159
1297|False|5.0|1.0350833738746372
1298|False|13.0|1.0765668315681267
1299|False|6.0|1.0533255258034704
1300|False|9.0|1.0280551876561288
1301|False|None|None
1302|False|8.0|1.209357914094891
1303|False|None|None
1304|False|None|None
1305|False|5.0|1.0267812598195138
1306|False|4.0|1.0084077370692628
1307|False|9.0|1.0395854547310965
1308|False|4.0|1.3318000157458127
1309|False|8.0|1.0035253337827048
1310|False|4.0|1.0960732968016846
1311|False|5.0|1.0864907733775657
1312|False|11.0|1.0001816820282867
1313|True|11.0|0.8981872570936279
1314|False|2.0|0.8930300890181391
1315|False|None|None
1316|False|4.0|0.9221413647865753
1317|False|None|None
1318|False|7.0|1.091068897331104
1319|False|18.0|1.014819627988163
1320|False|8.0|1.0309948186600724
1321|False|4.0|1.0489310610415632
1322|False|7.0|1.1109694483240224
1323|False|None|None
1324|False|6.0|1.3909820803583928
1325|False|6.0|1.0501513480392157
1326|False|4.0|1.2487883669198747
1327|False|4.0|1.0311483729856983
1328|False|5.0|1.1550010070542924
1329|False|11.0|1.0240178132678133
1330|False|15.0|1.0252218931794752
1331|False|None|None
1332|False|6.0|1.010162098794239
1333|False|3.0|1.0884495451263945
1334|False|3.0|1.1421049679871553
1335|False|3.0|1.0511604664899359
1336|False|7.0|1.1833620738395432
1337|False|9.0|1.0910705800663532
1338|False|7.0|1.0297773271186248
1339|False|4.0|1.1429327832258502
1340|False|None|None
1341|False|14.0|0.9834645922959497
1342|False|10.0|1.0292688336685512
1343|False|3.0|1.0835451002290382
1344|False|None|None
1345|False|4.0|1.066026561416571
1346|False|10.0|1.0218805330798242
1347|False|8.0|0.6497485403472467
1348|False|5.0|1.0406959472137094
1349|False|5.0|1.0455514620149131
1350|False|2.0|1.185666739710122
1351|False|2.0|1.1896333979742062
1352|False|6.0|1.051859965255573
1353|False|6.0|0.6525983710677993
1354|False|5.0|0.9982902895660793
1355|False|6.0|1.0717095535714285
1356|False|6.0|1.057190607253199
1357|False|5.0|1.0703529612258198
1358|False|4.0|1.0225085573802397
1359|False|3.0|1.296821963561015
1360|False|9.0|1.1895986522239592
1361|False|3.0|1.0499493281957257
1362|False|15.0|1.0079216983648116
1363|False|None|None
1364|False|10.0|1.0002866412608338
1365|False|4.0|1.093499581379051
1366|False|4.0|1.4362757787479714
1367|False|3.0|1.0226079188169166
1368|True|18.0|0.9020576910348241
1369|False|12.0|1.015376705623555
1370|False|None|None
1371|False|5.0|1.1175869068947581
1372|False|None|None
1373|False|4.0|1.055182978840293
1374|False|None|None
1375|False|4.0|1.0474981391806022
1376|False|3.0|1.0571523855954426
1377|False|None|None
1378|False|7.0|0.9388978288142041
1379|True|11.0|0.8362191271971097
1380|False|13.0|1.001272020273901
1381|False|3.0|1.2780554522798435
1382|False|3.0|1.3671536875179848
1383|False|2.0|0.9153863152630294
1384|False|3.0|1.1097932253759075
1385|False|7.0|1.0499658287092672
1386|False|2.0|2.8566540738603075
1387|False|6.0|1.3499185113847123
1388|False|None|None
1389|False|None|None
1390|False|4.0|1.003890656871168
1391|False|8.0|0.8865298614907432
1392|False|6.0|1.0763120809980324
1393|False|4.0|1.0198303179824562
1394|False|4.0|1.033762435155889
1395|False|5.0|1.024177842593352
1396|False|None|None
1397|False|14.0|1.0058664823207033
1398|False|3.0|1.0631592513284163
1399|False|5.0|1.0345131086142323
1400|False|4.0|1.0396315842055466
1401|False|None|None
1402|False|4.0|1.0226224647126847
1403|False|None|None
1404|False|None|None
1405|False|8.0|1.0526139271856683
1406|False|9.0|1.0403941617256878
1407|False|2.0|1.455412775459123
1408|False|13.0|1.0609987511735426
1409|False|4.0|1.0901895066758789
1410|False|12.0|1.0014392303625177
1411|False|3.0|0.938069908533518
1412|False|4.0|1.0066523951030812
1413|False|6.0|1.0070344668123163
1414|False|5.0|1.1575751112759645
1415|False|2.0|1.0445785286559564
1416|False|14.0|1.0717326593413772
1417|False|9.0|1.0412828590775847
1418|False|6.0|1.0935897216713397
1419|False|7.0|1.1015590152429777
1420|False|6.0|1.0997329126600777
1421|False|8.0|1.0739368489583334
1422|False|8.0|1.0858638911057377
1423|False|3.0|1.268527903937679
1424|False|4.0|0.8881927084266676
1425|False|8.0|1.060504152543386
1426|False|4.0|1.2502446667145526
1427|False|5.0|1.036185199955705
1428|False|14.0|0.9889271793505432
1429|False|5.0|1.050530138524897
1430|False|5.0|1.0706274320231737
1431|False|5.0|0.8123928575709988
1432|False|8.0|0.9040808896500704
1433|False|None|None
1434|False|4.0|1.8154927468174198
1435|False|3.0|1.133090398099671
1436|False|5.0|1.0033550269975637
1437|False|3.0|1.0884682793674698
1438|False|7.0|1.090155337897673
1439|False|7.0|1.1647038757308223
1440|False|5.0|1.012560344801608
1441|False|11.0|1.013076325290131
1442|False|5.0|0.989235870122816
1443|False|None|None
1444|False|13.0|1.0259782854984894
1445|False|9.0|1.0476149740456724
1446|False|None|None
1447|False|None|None
1448|False|6.0|1.0410612239636257
1449|False|5.0|1.132741046884255
1450|False|12.0|1.0203025265957446
1451|False|None|None
1452|False|5.0|1.113469227949118
1453|False|3.0|0.9814878668858847
1454|False|None|None
1455|False|6.0|1.0230668748571863
1456|False|None|None
1457|False|7.0|1.0051448740113305
1458|False|4.0|1.0911473431978664
1459|False|7.0|0.8559486779231485
1460|False|5.0|1.0253815799924242
1461|False|2.0|1.0215677861893457
1462|False|8.0|1.0282383292026636
1463|False|3.0|0.9849087548804818
1464|False|None|None
1465|False|13.0|0.9859832643995098
1466|False|None|None
1467|False|9.0|1.0099076846307384
1468|False|None|None
1469|False|3.0|1.1904483417308012
1470|False|15.0|1.0096301597214103
1471|False|2.0|1.1110130408348597
1472|False|None|None
1473|False|15.0|0.958259948242305
1474|False|17.0|1.0332013350387104
1475|False|None|None
1476|False|4.0|1.092581094848083
1477|False|5.0|1.154797218214133
1478|False|3.0|1.110219106468297
1479|False|4.0|1.0604154715021086
1480|False|6.0|1.025092024754135
1481|False|11.0|1.0379914596273292
1482|False|None|None
1483|False|None|None
1484|False|7.0|1.2174574511729677
1485|False|16.0|1.042297517946866
1486|False|None|None
1487|False|7.0|0.8340330280592362
1488|False|None|None
1489|False|3.0|1.3118491109465005
1490|False|2.0|1.082561863640205
1491|False|10.0|0.8005892283562184
1492|False|5.0|1.0125357465028721
1493|False|9.0|1.0925897243300144
1494|False|6.0|1.0383415533235136
1495|False|4.0|1.1107576142211524
1496|False|6.0|0.9804074262573711
1497|False|10.0|1.0154173514632912
1498|False|4.0|1.0741567257646807
1499|False|2.0|1.2244282178762693
1500|False|13.0|1.0152466952143118
1501|False|4.0|0.954037838888609
1502|False|5.0|1.2422918592945795
1503|False|None|None
1504|False|None|None
1505|False|6.0|1.209243136043631
1506|False|3.0|1.5245447647951442
1507|False|None|None
1508|False|3.0|1.0912502178459393
1509|False|4.0|1.222425439305479
1510|False|3.0|1.0160880550913167
1511|False|6.0|1.0244345049877808
1512|False|8.0|1.089314902087984
1513|False|4.0|1.0092048673552207
1514|False|9.0|0.9903180922581344
1515|False|6.0|1.2013663064620361
1516|False|None|None
1517|False|None|None
1518|False|13.0|1.0196422114146988
1519|False|4.0|1.2811371099509188
1520|False|7.0|1.037999449488583
1521|False|3.0|1.0010277170356419
1522|False|5.0|1.0645134725278937
1523|False|5.0|1.076536142172524
1524|False|6.0|1.016473810915899
1525|False|5.0|1.0102954215058229
1526|False|2.0|1.124635523679577
1527|False|8.0|1.0079471664227326
1528|False|6.0|1.041906155522745
1529|False|4.0|1.1261054573992322
1530|False|4.0|1.0051241727147744
1531|False|4.0|1.1640473230087787
1532|False|None|None
1533|False|7.0|1.0483248794551951
1534|False|7.0|0.9611075109831698
1535|False|6.0|1.166446995215035
1536|False|6.0|1.1018645556513684
1537|False|None|None
1538|False|7.0|1.0059535263348631
1539|False|5.0|1.2472779140385886
1540|False|3.0|0.6322347092715338
1541|False|12.0|0.9944069570890066
1542|False|None|None
1543|False|9.0|1.2919137014453042
1544|False|5.0|1.0188149464016194
1545|False|4.0|1.021061427688186
1546|False|7.0|1.0026013451418179
1547|False|6.0|1.0433751411517986
1548|False|5.0|0.9825407005824741
1549|False|3.0|2.5414269611608495
1550|False|5.0|1.166373552192141
1551|False|3.0|1.0656516902260211
1552|False|7.0|1.0010742399367922
1553|False|None|None
1554|False|20.0|0.6897344167704845
1555|False|8.0|1.0591399497022398
1556|False|6.0|0.8151588151537894
1557|False|2.0|0.8824132611281171
1558|False|None|None
1559|False|2.0|1.0229567013837955
1560|False|8.0|1.2549091635545264
1561|False|5.0|1.0560944201805753
1562|False|3.0|1.3279630636100421
1563|False|11.0|1.0959471253069648
1564|False|4.0|0.9957672775347951
1565|False|8.0|1.0053089149920298
1566|False|None|None
1567|False|None|None
1568|False|6.0|1.2601873769032959
1569|False|3.0|0.9755213548517988
1570|False|2.0|1.141817201208701
1571|False|None|None
1572|False|None|None
1573|False|4.0|1.02195850772698
1574|False|9.0|1.074614129737307
1575|False|4.0|1.0500680548652235
1576|False|9.0|1.104802482986366
1577|False|3.0|1.006640105968038
1578|False|3.0|1.2963471774712174
1579|False|7.0|1.0575757525767753
1580|False|None|None
1581|False|4.0|1.1878806542544051
1582|False|3.0|1.054950095921675
1583|False|None|None
1584|False|5.0|1.0071575667006851
1585|False|5.0|0.9498455689399494
1586|False|2.0|1.0281941166022601
1587|False|None|None
1588|False|7.0|1.0628367045303573
1589|False|3.0|1.1423759544522267
1590|False|8.0|1.0715085332180045
1591|False|7.0|1.166263396558096
1592|False|None|None
1593|False|8.0|1.0328984630193754
1594|False|2.0|1.0227058870636756
1595|False|2.0|1.1380656324024176
1596|False|2.0|1.0858746206347933
1597|False|9.0|1.0098666560244447
1598|False|7.0|1.0999013164494318
1599|False|None|None
1600|False|12.0|0.9744718589494944
1601|False|11.0|0.9914727583242171
1602|False|9.0|1.0300352976130696
1603|False|10.0|1.0164693201385586
1604|False|2.0|0.8977448209581521
1605|False|7.0|1.1504271702579199
1606|False|2.0|1.5899266308904914
1607|False|None|None
1608|False|10.0|1.0104595328876647
1609|False|8.0|1.0442774235015375
1610|False|4.0|1.1320899574064673
1611|False|4.0|1.0196611376878877
1612|False|8.0|1.0478728194958369
1613|False|2.0|1.0225739572250132
1614|False|None|None
1615|False|4.0|1.0051984745808382
1616|False|2.0|1.8791734905005493
1617|False|3.0|1.1763542797744702
1618|False|None|None
1619|False|None|None
1620|False|5.0|1.122595024768869
1621|False|3.0|1.1943882554731184
1622|False|None|None
1623|False|3.0|1.2532754022015242
1624|False|5.0|1.1169748803908812
1625|False|5.0|0.9791372665396412
1626|False|5.0|1.1125025902247465
1627|False|4.0|1.0124089750166465
1628|False|4.0|1.2268751744467061
1629|False|4.0|1.0307930324587493
1630|False|5.0|1.7147177659828243
1631|False|2.0|1.004144624573379
1632|False|2.0|1.2198709700539943
1633|False|2.0|1.4060721662882
1634|False|None|None
1635|False|5.0|1.0209804742851667
1636|False|5.0|1.11651685287461
1637|False|None|None
1638|False|13.0|1.0075843972238883
1639|False|3.0|1.0358625773892869
1640|False|7.0|1.0927112904499223
1641|False|None|None
1642|False|9.0|1.0790211584809013
1643|False|5.0|1.0194458645518285
1644|False|3.0|1.0343736757242818
1645|False|None|None
1646|False|4.0|1.0727754796690723
1647|False|2.0|1.0180865949524918
1648|False|3.0|0.8818021111991666
1649|False|12.0|1.0153679691151776
1650|False|3.0|1.4641088401807512
1651|False|5.0|1.106542628743656
1652|False|8.0|1.0414499242773425
1653|False|6.0|1.5360673653472896
1654|False|5.0|1.2206719634864915
1655|False|9.0|1.0101527777777777
1656|False|4.0|1.2393695527194284
1657|False|5.0|1.2926086782343946
1658|False|7.0|1.0425741849332502
1659|False|6.0|1.0892113632321712
1660|False|8.0|1.1005062795580418
1661|False|6.0|1.0967024400792433
1662|False|None|None
1663|False|None|None
1664|False|8.0|1.0347121465286653
1665|False|3.0|1.0074372232620508
1666|False|2.0|1.646755227472562
1667|False|9.0|1.0228178497819778
1668|False|5.0|1.0986086622757052
1669|False|2.0|1.0716708332163365
1670|False|None|None
1671|False|5.0|1.1754161672015777
1672|False|4.0|1.1520006478300768
1673|False|5.0|1.082412893456721
1674|False|None|None
1675|False|5.0|1.0164556543366672
1676|False|4.0|1.0410725287392846
1677|False|3.0|1.2984657349234017
1678|False|3.0|1.0533480270910076
1679|False|5.0|1.101770324555815
1680|False|18.0|1.01284428388244
1681|False|3.0|1.036897827874372
1682|False|4.0|1.1495256403666734
1683|False|9.0|1.1012834801637124
1684|False|4.0|1.0385305934785463
1685|False|2.0|1.002180345982222
1686|False|5.0|1.1028307109194933
1687|False|3.0|1.1794695733033025
1688|False|3.0|1.028459134735075
1689|False|7.0|1.0402073184638245
1690|True|10.0|0.7695184930334708
1691|False|4.0|1.0794172546584295
1692|False|7.0|1.0307258225965594
1693|False|2.0|1.346673241312161
1694|False|6.0|1.074665668430436
1695|False|4.0|1.3807848186296463
1696|False|4.0|1.0499550374210467
1697|False|4.0|1.1011518610035012
1698|False|2.0|1.0456797372326088
1699|False|7.0|1.0046961246653316
1700|False|6.0|0.8435958681210163
1701|False|4.0|1.0196792056083168
1702|False|3.0|1.0296214828451278
1703|False|3.0|0.9765206087851378
1704|False|3.0|1.067887556403775
1705|False|9.0|0.9914747555169822
1706|False|5.0|0.7165387790203233
1707|False|11.0|1.1477179328654035
1708|False|9.0|0.7699924404328847
1709|False|8.0|0.9964257421234748
1710|False|8.0|1.6733121885427442
1711|False|2.0|0.9243472203486232
1712|False|3.0|1.3122226209783465
1713|False|None|None
1714|False|None|None
1715|False|4.0|1.0811865098283702
1716|False|2.0|1.1045018340210913
1717|False|3.0|1.2920876135787687
1718|False|8.0|1.090078945815678
1719|False|5.0|1.0384090883918748
1720|False|3.0|0.9871604853004435
1721|False|5.0|1.1803904042014999
1722|False|None|None
1723|False|2.0|1.0606714276154858
1724|False|None|None
1725|False|None|None
1726|False|4.0|1.0722886454004437
1727|False|None|None
1728|False|None|None
1729|False|6.0|1.051340682481574
1730|False|7.0|1.1581065925767293
1731|False|10.0|1.004940941700834
1732|False|2.0|1.1753420599059459
1733|False|9.0|0.9365370219905056
1734|False|2.0|1.1549515333197842
1735|False|6.0|1.0279572766076182
1736|False|None|None
1737|False|2.0|1.09294897805122
1738|False|None|None
1739|False|7.0|1.028791976800478
1740|False|2.0|1.0642034168789423
1741|False|7.0|0.785000521960293
1742|False|3.0|1.4302574475281313
1743|False|3.0|1.083641041335362
1744|False|13.0|1.0163989150049024
1745|False|None|None
1746|False|2.0|1.9137095331654908
1747|False|3.0|1.2031603730219835
1748|False|2.0|1.2000489420795803
1749|False|None|None
1750|False|4.0|1.1769096705488535
1751|False|4.0|1.234363221496747
1752|False|None|None
1753|False|4.0|1.0153125980606748
1754|False|6.0|1.0554924146980609
1755|False|3.0|1.2908493664376914
1756|False|7.0|0.43673266488517326
1757|False|None|None
1758|False|4.0|1.206971726219377
1759|False|2.0|1.299703709898248
1760|False|2.0|1.0652046261787682
1761|False|6.0|1.0801639105058365
1762|False|3.0|1.2241424987143326
1763|False|4.0|0.8485529090859336
1764|False|3.0|1.3066280460845
1765|False|3.0|1.0302973306670007
1766|False|10.0|0.8946316428436941
1767|False|2.0|2.588637710683529
1768|False|None|None
1769|False|4.0|1.2173702637936792
1770|False|4.0|1.1124525565881234
1771|False|3.0|1.078835711694876
1772|False|2.0|1.0160134859232723
1773|False|2.0|1.0297990904031513
1774|False|6.0|1.050298805274638
1775|False|2.0|1.1356936647278044
1776|False|None|None
1777|False|None|None
1778|False|4.0|1.0997321385720455
1779|False|3.0|1.021844625
1780|False|6.0|0.9819497700537542
1781|False|9.0|1.046439953246607
1782|False|None|None
1783|False|4.0|1.0799496457489879
1784|False|9.0|1.0633364493053947
1785|False|12.0|0.9016535142947812
1786|False|5.0|1.0627551287818342
1787|False|None|None
1788|False|3.0|1.299078261711978
1789|False|3.0|1.1025745568406666
1790|False|2.0|1.0415359512844926
1791|False|None|None
1792|False|4.0|1.0303315079670983
1793|False|None|None
1794|False|6.0|1.077379427995506
1795|True|10.0|0.7718586506716817
1796|False|None|None
1797|False|2.0|1.7149070045151598
1798|False|9.0|1.0422377070145814
1799|False|None|None
1800|False|5.0|1.0482707346982076
1801|False|None|None
1802|False|5.0|1.0359372786532115
1803|False|4.0|1.03974341537538
1804|False|4.0|1.0208557376177105
1805|False|4.0|1.0547874035892684
1806|False|None|None
1807|False|2.0|1.1003550135243247
1808|False|3.0|1.3722617574915084
1809|False|3.0|1.0375858060936411
1810|False|None|None
1811|False|3.0|1.0014348965999804
1812|False|3.0|1.120211710814792
1813|False|8.0|1.0127255044138894
1814|False|None|None
1815|False|2.0|1.2392979137985352
1816|False|None|None
1817|False|None|None
1818|False|4.0|1.063343833893895
1819|False|3.0|1.3213795391745176
1820|False|None|None
1821|False|4.0|1.0518293252021451
1822|False|10.0|1.0720545028735886
1823|False|2.0|1.0587097027191827
1824|False|4.0|1.0930747766377689
1825|False|3.0|1.0783712622342967
1826|False|8.0|1.0046101503186198
1827|False|9.0|1.0419860680940838
1828|False|5.0|1.2223544686993495
1829|False|4.0|1.1055787837196693
1830|False|None|None
1831|False|5.0|1.0410557134813092
1832|False|None|None
1833|False|8.0|0.7234315887043585
1834|False|5.0|1.0482906384304527
1835|False|5.0|1.1198377275883795
1836|False|3.0|1.008638273398856
1837|False|3.0|1.3106913002190368
1838|False|3.0|1.0166368746724668
1839|False|2.0|1.0238835646746471
1840|False|3.0|1.0208325043652484
1841|False|None|None
1842|False|6.0|1.0635777683110592
1843|False|6.0|1.1770384303160075
1844|False|10.0|1.0031879754476813
1845|False|4.0|1.103757924999761
1846|False|7.0|1.0559427332535885
1847|False|None|None
1848|False|5.0|1.0562251560069937
1849|False|None|None
1850|False|None|None
1851|False|None|None
1852|False|5.0|1.1307932030408236
1853|False|3.0|1.291032116815419
1854|False|5.0|0.927519788761723
1855|False|None|None
1856|False|3.0|0.9303441558348357
1857|False|3.0|1.1557456647398845
1858|False|None|None
1859|False|None|None
1860|False|None|None
