1|0.12903225806451613|836.567872|1091235.25|12|93
2|0.0|0.0|0.0|0|39
3|0.0|0.0|0.0|0|33
4|0.18604651162790697|644.863232|662619.6875|8|43
5|0.08823529411764706|235.418176|317211.6875|3|34
6|0.0|0.0|0.0|0|24
7|0.3064516129032258|1235.3632|1401133.125|19|62
8|0.0|0.0|0.0|0|13
9|0.0|0.0|0.0|0|24
10|0.0|0.0|0.0|0|28
11|0.0|0.0|0.0|0|19
12|0.35185185185185186|1341.45536|1352415.0|19|54
13|0.0|0.0|0.0|0|13
14|0.0|0.0|0.0|0|22
15|0.49019607843137253|1617.38752|1343364.5|25|51
16|0.4166666666666667|1184.019968|1024861.5|15|36
17|0.0|0.0|0.0|0|40
18|0.0|0.0|0.0|0|10
19|0.0|0.0|0.0|0|29
20|0.0|0.0|0.0|0|9
21|0.32653061224489793|904.579968|815494.0|16|49
22|0.3333333333333333|594.45088|770296.375|7|21
23|0.0|0.0|0.0|0|16
24|0.0|0.0|0.0|0|16
25|0.5208333333333334|1665.800064|1673598.875|25|48
26|0.0|0.0|0.0|0|11
27|0.0|0.0|0.0|0|9
28|0.6333333333333333|1619.273472|756459.25|19|30
29|0.2972972972972973|771.1936|898045.5625|11|37
30|0.5526315789473685|1756.92416|657912.125|21|38
31|0.7469879518072289|3967.016192|3762091.5|62|83
32|0.16666666666666666|249.897328|275567.625|3|18
33|0.12121212121212122|292.527616|347434.0625|4|33
34|0.2777777777777778|852.14912|926953.0|10|36
35|0.0|0.0|0.0|0|14
36|0.0|0.0|0.0|0|15
37|0.0|0.0|0.0|0|28
38|0.0|0.0|0.0|0|29
39|0.0|0.0|0.0|0|20
40|0.3|489.609728|613011.1875|6|20
41|0.48|885.718656|882921.0625|12|25
42|0.0|0.0|0.0|0|16
43|0.0|0.0|0.0|0|6
44|NA|NA|NA|NA|NA
45|0.47058823529411764|1143.056384|671119.0625|16|34
46|0.0|0.0|0.0|0|6
47|0.0|0.0|0.0|0|7
48|0.4642857142857143|944.356032|853866.125|13|28
49|0.5217391304347826|767.389952|679034.6875|12|23
50|0.5|1195.042432|1298413.5|14|28
51|0.475|1240.844032|1037111.6875|19|40
52|0.0|0.0|0.0|0|14
53|0.03571428571428571|71.532824|95185.4765625|1|28
54|0.0625|70.77732|95960.359375|1|16
55|0.18181818181818182|143.065648|168950.984375|2|11
56|0.17391304347826086|307.951808|394840.78125|4|23
57|0.3333333333333333|682.196928|758024.75|11|33
58|0.7692307692307693|1972.321664|1993692.875|30|39
59|0.4|643.594112|445779.5|8|20
60|0.8857142857142857|2617.933824|1720040.875|31|35
61|1.0|8944.171008|3648468.25|115|115
62|0.8059701492537313|3888.044288|3554388.0|54|67
63|0.08333333333333333|59.730608|69649.90625|1|12
64|0.0|0.0|0.0|0|9
65|0.8235294117647058|4163.775744|3196815.0|56|68
66|0.0|0.0|0.0|0|14
67|0.5517241379310345|1028.242496|733765.0|16|29
68|0.40625|563.18176|401729.4375|13|32
69|0.5714285714285714|1335.755776|1396942.0|20|35
70|0.9879518072289156|5838.661632|3875627.5|82|83
71|0.8461538461538461|1814.308096|1499760.75|22|26
72|0.3333333333333333|207.639856|236288.25|3|9
73|0.16666666666666666|79.881792|38948.8671875|1|6
74|0.21428571428571427|240.46896|256004.75|3|14
75|0.0|0.0|0.0|0|10
76|0.2222222222222222|146.673888|167084.921875|2|9
77|0.0|0.0|0.0|0|19
78|0.6363636363636364|889.124992|808906.25|14|22
79|0.42857142857142855|400.322304|393436.5|6|14
80|0.6285714285714286|1566.806528|1459766.25|22|35
81|0.7058823529411765|2371.254272|1455267.25|36|51
82|0.47619047619047616|771.351296|406886.75|10|21
83|0.0|0.0|0.0|0|12
84|0.0|0.0|0.0|0|5
85|0.0|0.0|0.0|0|10
86|0.5263157894736842|687.927744|662411.3125|10|19
87|0.8444444444444444|2432.452608|1467552.0|38|45
88|0.5|680.89728|318648.40625|8|16
89|0.6808510638297872|2166.376448|1511816.625|32|47
90|0.7833333333333333|2823.735296|1397715.125|47|60
91|0.25|254.688576|281486.40625|3|12
92|0.6470588235294118|1635.47136|917174.75|22|34
93|0.74|2343.285248|2120716.5|37|50
94|0.8055555555555556|2385.979136|1522296.0|29|36
95|0.7884615384615384|2932.770304|2164823.5|41|52
96|0.0|0.0|0.0|0|9
97|0.0|0.0|0.0|0|13
98|0.5|853.622272|462669.09375|12|24
99|0.8260869565217391|1174.260224|657311.375|19|23
100|0.6111111111111112|931.332352|645724.25|11|18
101|0.6470588235294118|938.109568|340183.125|11|17
102|0.5|621.125248|486414.65625|8|16
103|0.2|262.27104|314782.125|5|25
104|1.0|3979.01696|3448306.0|50|50
105|0.125|71.397696|86359.2421875|1|8
106|0.2857142857142857|339.924576|321251.4375|4|14
107|0.2|140.084672|170562.4375|2|10
108|0.42857142857142855|405.178688|465082.5|6|14
109|0.7647058823529411|1084.550912|667232.375|13|17
110|0.42105263157894735|581.042816|680939.4375|8|19
111|0.0|0.0|0.0|0|8
112|0.5666666666666667|1152.83968|982184.3125|17|30
113|0.0|0.0|0.0|0|6
114|0.375|250.93296|299010.46875|3|8
115|0.125|67.505488|69582.6015625|1|8
116|0.3|226.485408|288850.59375|3|10
117|0.1111111111111111|67.88048|84921.71875|1|9
118|0.3333333333333333|253.3744|275291.75|3|9
119|0.6923076923076923|1391.83488|764164.75|18|26
120|0.45454545454545453|691.560448|322901.34375|10|22
121|0.8235294117647058|2439.65952|2015212.5|42|51
122|0.0|0.0|0.0|0|4
123|0.13333333333333333|120.26676|171536.046875|2|15
124|0.0|0.0|0.0|0|9
125|0.0|0.0|0.0|0|6
126|0.35294117647058826|458.523392|501651.28125|6|17
127|0.2222222222222222|153.897376|200994.34375|2|9
128|0.1875|216.47952|270658.8125|3|16
129|0.4117647058823529|520.368384|485341.46875|7|17
130|0.0|0.0|0.0|0|13
131|0.1|84.11028|125576.3046875|1|10
132|0.1|133.159376|182143.40625|2|20
133|0.0|0.0|0.0|0|12
134|0.782608695652174|1525.94368|1104664.25|18|23
135|0.5454545454545454|802.805632|555707.0|12|22
136|0.0|0.0|0.0|0|4
137|0.6875|680.566592|462577.5|11|16
138|0.8571428571428571|1419.83488|810023.5625|18|21
139|0.22727272727272727|273.539296|311169.59375|5|22
140|0.38461538461538464|394.5688|393654.40625|5|13
141|0.14285714285714285|148.549248|171924.671875|2|14
142|0.0|0.0|0.0|0|6
143|0.5|485.08032|563913.625|6|12
144|0.0|0.0|0.0|0|10
145|1.0|2387.032832|1563492.5|34|34
146|0.0|0.0|0.0|0|5
147|0.5789473684210527|739.500544|683415.375|11|19
148|0.1|79.016504|116164.453125|1|10
149|0.0|0.0|0.0|0|7
150|1.0|8301.50656|2638564.25|120|120
151|0.9032258064516129|3404.026112|1875241.375|56|62
152|NA|NA|NA|NA|NA
153|0.0|0.0|0.0|0|7
154|0.0|0.0|0.0|0|7
155|0.8|2166.582016|800850.5|28|35
156|0.6451612903225806|1256.281984|1030923.75|20|31
157|0.36363636363636365|331.17792|373514.125|4|11
158|NA|NA|NA|NA|NA
159|0.18181818181818182|204.61248|284752.125|4|22
160|0.0|0.0|0.0|0|5
161|0.3333333333333333|229.976672|282474.25|3|9
162|1.0|3501.878528|2495414.75|41|41
163|0.8148148148148148|1787.23072|999311.0625|22|27
164|0.0|0.0|0.0|0|7
165|0.9117647058823529|2345.100032|1684940.625|31|34
166|0.0|0.0|0.0|0|7
167|0.3157894736842105|314.399872|359729.0|6|19
168|NA|NA|NA|NA|NA
169|0.5714285714285714|555.236352|301983.3125|8|14
170|0.0|0.0|0.0|0|5
171|0.0|0.0|0.0|0|3
172|0.7777777777777778|1848.456704|1314195.25|28|36
173|0.7391304347826086|1449.722624|1442047.625|17|23
174|NA|NA|NA|NA|NA
175|0.16666666666666666|85.296072|74605.4453125|1|6
176|0.5|597.311744|574514.0625|7|14
177|0.1|69.50472|100982.515625|1|10
178|0.6944444444444444|1405.718016|712004.5|25|36
179|0.25|205.956896|284514.75|3|12
180|0.16666666666666666|64.672824|27920.787109375|1|6
181|0.0|0.0|0.0|0|8
182|0.5714285714285714|531.713312|562840.25|8|14
183|0.4375|462.368736|488274.84375|7|16
184|0.9333333333333333|942.99968|1072063.0|14|15
185|0.92|3082.447104|1702408.125|46|50
186|0.5714285714285714|630.2336|528546.375|8|14
187|0.0|0.0|0.0|0|4
188|0.0|0.0|0.0|0|10
189|0.0|0.0|0.0|0|7
190|0.95|1343.739776|1247737.75|19|20
191|0.5625|755.453952|952364.8125|9|16
192|0.7857142857142857|906.878144|430276.59375|11|14
193|0.08333333333333333|84.153216|116686.6328125|1|12
194|0.4|261.497616|211008.375|4|10
195|0.0|0.0|0.0|0|5
196|0.631578947368421|983.172352|397783.5625|12|19
197|0.0|0.0|0.0|0|5
198|0.42857142857142855|256.369248|131650.40625|3|7
199|0.5555555555555556|404.950208|339900.4375|5|9
200|0.0|0.0|0.0|0|5
201|0.3333333333333333|275.045568|291303.625|4|12
202|0.16666666666666666|84.89132|58860.77734375|1|6
203|0.90625|2203.26656|1430599.5|29|32
204|0.0|0.0|0.0|0|8
205|0.625|356.039104|236028.625|5|8
206|0.0|0.0|0.0|0|4
207|0.0|0.0|0.0|0|13
208|0.2|142.043424|189464.65625|2|10
209|0.75|969.084544|866828.0|12|16
210|0.375|162.993744|170398.203125|3|8
211|0.6190476190476191|900.862016|714219.875|13|21
212|0.0|0.0|0.0|0|7
213|0.0|0.0|0.0|0|4
214|1.0|2640.26752|1898777.875|34|34
215|0.375|251.90128|230847.65625|3|8
216|0.7878787878787878|1565.14112|1103915.0|26|33
217|1.0|1494.266368|1909165.25|19|19
218|0.14285714285714285|84.0656|107445.1953125|1|7
219|0.2222222222222222|101.450152|114725.03125|2|9
220|0.45454545454545453|344.029696|452295.46875|5|11
221|0.5555555555555556|714.926336|1047585.375|10|18
222|0.4|137.770784|136266.21875|2|5
223|0.3333333333333333|340.766688|437933.03125|4|12
224|1.0|3377.335808|1827826.75|40|40
225|NA|NA|NA|NA|NA
226|0.0|0.0|0.0|0|9
227|0.3333333333333333|252.219168|366556.625|3|9
228|0.2|85.368176|54276.97265625|1|5
229|0.8148148148148148|1416.509312|989236.8125|22|27
230|0.5454545454545454|408.727424|397158.4375|6|11
231|0.6|472.4368|533820.25|6|10
232|0.15789473684210525|153.183648|178301.234375|3|19
233|0.8787878787878788|2162.195456|1237628.625|29|33
234|0.5|508.266272|527200.75|10|20
235|0.0|0.0|0.0|0|7
236|NA|NA|NA|NA|NA
237|NA|NA|NA|NA|NA
238|0.0|0.0|0.0|0|8
239|0.7727272727272727|1031.465408|584193.625|17|22
240|0.3333333333333333|232.548992|264757.375|4|12
241|0.9090909090909091|1960.664064|1020917.375|30|33
242|0.8|1608.783104|993871.125|24|30
243|0.0|0.0|0.0|0|7
244|0.25|171.94464|203517.65625|3|12
245|0.25|164.95776|208946.125|2|8
246|0.42857142857142855|212.4048|212585.765625|3|7
247|0.7727272727272727|1236.897664|834568.5625|17|22
248|1.0|2531.097344|879882.0625|35|35
249|0.375|213.243712|262398.78125|3|8
250|0.14285714285714285|70.635152|71429.9609375|1|7
251|0.18181818181818182|105.22332|117573.71875|2|11
252|0.0|0.0|0.0|0|8
253|0.5|325.976832|333107.6875|4|8
254|0.5833333333333334|562.103232|421470.46875|7|12
255|0.46153846153846156|409.175232|497137.75|6|13
256|0.2222222222222222|154.216736|193936.875|2|9
257|0.5|313.068704|258351.21875|4|8
258|0.7142857142857143|704.369152|503248.78125|10|14
259|1.0|1599.128448|1584530.375|19|19
260|0.0|0.0|0.0|0|9
261|0.5625|753.794688|549724.6875|9|16
262|0.6923076923076923|642.783744|517899.875|9|13
263|0.9210526315789473|2874.889216|1121182.25|35|38
264|0.1111111111111111|84.568048|125192.09375|1|9
265|0.9411764705882353|2128.127872|1356976.0|32|34
266|0.6842105263157895|852.643072|552940.75|13|19
267|0.75|1014.408|721636.9375|21|28
268|0.0|0.0|0.0|0|3
269|0.75|718.844736|409465.6875|9|12
270|0.5|167.321856|196398.84375|2|4
271|0.4|311.968064|179675.4375|4|10
272|0.0|0.0|0.0|0|11
273|0.0|0.0|0.0|0|2
274|0.0|0.0|0.0|0|7
275|0.6363636363636364|508.578304|652988.5|7|11
276|0.0|0.0|0.0|0|5
277|0.6666666666666666|479.47712|353986.8125|8|12
278|NA|NA|NA|NA|NA
279|0.4|289.740672|384240.34375|4|10
280|0.6|400.951264|399321.5625|6|10
281|0.8333333333333334|936.196224|589395.0|15|18
282|0.0|0.0|0.0|0|7
283|NA|NA|NA|NA|NA
284|0.0|0.0|0.0|0|11
285|NA|NA|NA|NA|NA
286|1.0|1439.476864|1100455.125|21|21
287|0.3333333333333333|321.715264|408272.75|4|12
288|1.0|2333.379584|1521820.125|35|35
289|0.2|83.7864|90297.40625|1|5
290|1.0|1805.521536|1553826.5|24|24
291|0.0|0.0|0.0|0|6
292|0.0|0.0|0.0|0|3
293|0.4|280.661696|338341.875|4|10
294|0.75|1013.343168|635385.9375|12|16
295|0.2857142857142857|129.342128|160694.046875|2|7
296|0.16666666666666666|77.320704|87009.1875|1|6
297|0.36363636363636365|276.284288|333377.4375|4|11
298|0.9772727272727273|2835.371776|1393673.375|43|44
299|0.16666666666666666|80.438264|52056.02734375|1|6
300|0.0|0.0|0.0|0|5
301|0.0|0.0|0.0|0|8
302|0.35294117647058826|296.157984|311315.09375|6|17
303|0.5454545454545454|420.892096|384010.84375|6|11
304|1.0|2229.197568|1489700.875|33|33
305|0.14285714285714285|84.9746|123872.3359375|1|7
306|0.8181818181818182|644.4192|612055.0|9|11
307|0.16666666666666666|85.361736|91424.28125|1|6
308|0.6|658.40576|436193.0|9|15
309|0.75|763.442304|536095.1875|9|12
310|NA|NA|NA|NA|NA
311|0.45454545454545453|276.40176|248292.546875|5|11
312|0.25|61.999504|83475.671875|1|4
313|0.0|0.0|0.0|0|6
314|0.3333333333333333|164.119936|138606.59375|2|6
315|0.8888888888888888|1099.029504|711213.625|16|18
316|0.6666666666666666|435.85056|317531.78125|6|9
317|0.5454545454545454|375.166528|182136.421875|6|11
318|0.7142857142857143|886.97152|706434.0|15|21
319|0.0|0.0|0.0|0|6
320|0.0|0.0|0.0|0|7
321|0.0|0.0|0.0|0|9
322|0.0|0.0|0.0|0|4
323|NA|NA|NA|NA|NA
324|0.90625|1820.518784|937774.3125|29|32
325|0.9|1996.954496|993800.3125|27|30
326|0.8666666666666667|1708.463616|948352.0625|26|30
327|1.0|1792.370688|1389255.25|22|22
328|1.0|1347.084288|1397105.75|17|17
329|0.6666666666666666|527.08896|471176.40625|12|18
330|0.7777777777777778|814.418752|194202.59375|14|18
331|0.0|0.0|0.0|0|5
332|0.4|170.84384|131491.40625|2|5
333|0.0|0.0|0.0|0|8
334|0.2|65.716024|70839.71875|1|5
335|1.0|1461.537536|1362467.75|31|31
336|1.0|1057.087808|989539.875|15|15
337|0.6923076923076923|548.180864|507976.6875|9|13
338|0.5714285714285714|549.108608|391725.0625|8|14
339|0.42857142857142855|255.444016|176504.265625|3|7
340|0.16666666666666666|72.8558|105486.4375|1|6
341|0.75|512.38368|379215.09375|6|8
342|0.375|236.816816|297255.4375|3|8
343|1.0|2369.25184|1233575.375|33|33
344|0.5555555555555556|319.509216|314955.1875|5|9
345|1.0|2326.166528|1302945.875|34|34
346|0.8666666666666667|1104.91968|799183.1875|13|15
347|0.7272727272727273|558.972096|655214.75|8|11
348|0.6|211.843152|157590.25|3|5
349|0.6|388.356896|379281.4375|6|10
350|1.0|1681.577728|1107231.75|24|24
351|0.8|930.911296|773143.5625|16|20
352|1.0|1260.32064|1270443.75|16|16
353|0.625|477.781504|535954.4375|10|16
354|0.5|355.144992|350894.3125|5|10
355|0.3333333333333333|220.894976|275801.0|4|12
356|NA|NA|NA|NA|NA
357|0.6|433.142336|392311.6875|6|10
358|0.0|0.0|0.0|0|3
359|0.8095238095238095|1194.918784|674813.0|17|21
360|0.7727272727272727|1025.7344|500221.0625|17|22
361|1.0|1642.15808|1235492.375|26|26
362|0.0|0.0|0.0|0|4
363|0.0|0.0|0.0|0|5
364|0.625|424.175424|180178.328125|5|8
365|0.5833333333333334|339.318208|405045.28125|7|12
366|0.7692307692307693|640.104192|463304.8125|10|13
367|0.65|702.758464|433121.90625|13|20
368|0.0|0.0|0.0|0|3
369|1.0|2981.063168|1181891.875|43|43
370|0.1111111111111111|73.049664|108047.4296875|1|9
371|1.0|965.71392|1175139.625|12|12
372|0.8|1027.308544|633787.8125|20|25
373|0.5714285714285714|337.161792|207057.453125|4|7
374|0.65|641.843328|492438.40625|13|20
375|1.0|665.903808|478869.1875|8|8
376|0.5263157894736842|483.97184|340496.65625|10|19
377|0.7142857142857143|344.1096|242055.734375|5|7
378|0.0|0.0|0.0|0|3
379|0.0|0.0|0.0|0|3
380|0.9642857142857143|3107.404288|850408.25|54|56
381|0.7777777777777778|716.470912|542694.6875|14|18
382|0.625|425.232256|433216.6875|5|8
383|0.5714285714285714|268.570144|350812.09375|4|7
384|0.4|295.345184|223111.90625|6|15
385|0.8076923076923077|895.967232|613125.9375|21|26
386|0.8333333333333334|325.047296|275034.53125|5|6
387|1.0|2149.716992|1155744.0|28|28
388|0.7272727272727273|554.4384|559666.75|8|11
389|0.6|230.311792|197624.46875|3|5
390|1.0|1180.575232|1143390.5|16|16
391|0.0|0.0|0.0|0|3
392|0.16666666666666666|78.488824|89316.6875|1|6
393|NA|NA|NA|NA|NA
394|0.6363636363636364|498.484384|469027.875|7|11
395|0.42857142857142855|229.206432|168506.09375|3|7
396|0.3333333333333333|154.279392|190935.234375|3|9
397|0.625|400.45312|215545.625|5|8
398|0.25|78.826832|116512.7109375|1|4
399|0.0|0.0|0.0|0|4
400|1.0|1009.056512|1107269.375|14|14
401|1.0|1037.041472|1111065.5|13|13
402|0.4|233.6272|214237.375|4|10
403|0.6|219.54024|245285.5625|3|5
404|0.0|0.0|0.0|0|4
405|0.42857142857142855|232.120928|282583.8125|3|7
406|1.0|1922.20224|1124738.125|25|25
407|0.375|192.299856|181713.65625|3|8
408|1.0|2861.491456|1091095.5|34|34
409|NA|NA|NA|NA|NA
410|0.8181818181818182|592.622528|483938.0|9|11
411|0.8125|1103.085824|431113.625|13|16
412|NA|NA|NA|NA|NA
413|0.0|0.0|0.0|0|7
414|1.0|1925.004544|987073.875|26|26
415|0.0|0.0|0.0|0|2
416|0.2|65.556092|49780.0703125|1|5
417|0.8333333333333334|841.320192|772106.6875|10|12
418|0.0|0.0|0.0|0|9
419|0.6666666666666666|463.501312|333549.3125|6|9
420|0.9655172413793104|1964.663424|960990.8125|28|29
421|0.75|744.400896|674828.0625|15|20
422|NA|NA|NA|NA|NA
423|0.7|490.40736|545994.5|7|10
424|0.7142857142857143|365.442176|390174.09375|5|7
425|0.3333333333333333|169.96208|177789.390625|2|6
426|0.7|558.727936|674269.4375|7|10
427|0.7857142857142857|792.76736|735449.375|11|14
428|0.4444444444444444|289.41168|306933.4375|4|9
429|0.16666666666666666|74.181208|106076.7578125|1|6
430|1.0|2073.27104|1056242.75|25|25
431|0.4|158.546784|199728.125|2|5
432|0.0|0.0|0.0|0|4
433|0.75|663.4688|330794.65625|9|12
434|0.6666666666666666|318.949824|289671.375|4|6
435|0.7857142857142857|716.2176|678957.1875|11|14
436|NA|NA|NA|NA|NA
437|0.9473684210526315|1022.355776|947513.75|18|19
438|0.5|217.83304|243867.203125|4|8
439|0.6|251.99232|280574.0|3|5
440|0.7692307692307693|759.01696|302827.34375|10|13
441|0.36363636363636365|228.216768|263443.34375|4|11
442|0.5714285714285714|236.697376|147443.828125|4|7
443|0.0|0.0|0.0|0|9
444|0.0|0.0|0.0|0|7
445|0.3333333333333333|129.265656|54501.796875|2|6
446|0.0|0.0|0.0|0|5
447|0.5|269.595648|325303.5625|5|10
448|0.2|83.611104|112461.9609375|1|5
449|NA|NA|NA|NA|NA
450|0.5714285714285714|334.416|410833.9375|4|7
451|0.6923076923076923|755.886784|128197.421875|9|13
452|0.6666666666666666|303.701536|258930.34375|4|6
453|0.875|1715.029888|537770.375|21|24
454|0.9047619047619048|1366.551552|576344.25|19|21
455|1.0|1396.527616|983652.5|18|18
456|0.8|563.08128|688938.4375|8|10
457|0.6666666666666666|501.379552|668854.5|6|9
458|1.0|1872.623744|983933.9375|27|27
459|0.9629629629629629|1753.04448|871470.625|26|27
460|0.6666666666666666|479.599232|255670.296875|6|9
461|0.8947368421052632|906.456704|798756.9375|17|19
462|0.5625|432.719872|295367.21875|9|16
463|0.0|0.0|0.0|0|6
464|0.6923076923076923|517.796128|638485.0|9|13
465|0.0|0.0|0.0|0|2
466|0.0|0.0|0.0|0|3
467|0.4|154.852|169978.484375|2|5
468|0.9375|1021.019904|643448.875|15|16
469|0.5|249.507104|343420.1875|3|6
470|0.75|408.49824|328944.625|6|8
471|0.0|0.0|0.0|0|2
472|0.967741935483871|2431.514624|806964.25|30|31
473|0.4|153.685072|194359.109375|2|5
474|NA|NA|NA|NA|NA
475|0.8888888888888888|651.76768|833062.5|8|9
476|0.9|1118.767488|602317.6875|18|20
477|NA|NA|NA|NA|NA
478|0.4|170.54192|194597.0|2|5
479|0.4|129.498584|154813.8125|2|5
480|1.0|1445.567104|854505.9375|17|17
481|0.7|504.8208|248445.609375|7|10
482|0.7692307692307693|628.531072|421256.6875|10|13
483|0.5714285714285714|317.279776|157559.734375|4|7
484|0.8888888888888888|671.454464|856832.5|8|9
485|1.0|989.225472|988572.3125|12|12
486|0.8333333333333334|641.266432|454567.90625|10|12
487|0.6666666666666666|323.905792|344324.90625|4|6
488|1.0|769.189248|483425.59375|9|9
489|1.0|842.144896|474779.90625|12|12
490|0.8181818181818182|580.514432|395525.53125|9|11
491|0.7142857142857143|373.40672|308880.4375|5|7
492|0.9333333333333333|1177.248384|798757.125|14|15
493|0.25|70.007664|84530.6953125|1|4
494|NA|NA|NA|NA|NA
495|0.9|1228.782336|580906.6875|18|20
496|1.0|1075.184128|756170.3125|14|14
497|0.8823529411764706|1028.073536|651107.4375|15|17
498|0.0|0.0|0.0|0|6
499|0.8888888888888888|676.759936|337532.78125|8|9
500|NA|NA|NA|NA|NA
501|1.0|1453.08992|915282.4375|17|17
502|0.8666666666666667|965.102976|564659.875|13|15
503|0.7142857142857143|425.733152|287147.03125|5|7
504|1.0|386.869376|376720.65625|5|5
505|0.5714285714285714|296.050304|166241.78125|4|7
506|1.0|1424.030848|903111.375|33|33
507|0.0|0.0|0.0|0|2
508|1.0|1321.026688|928842.5|19|19
509|0.7142857142857143|397.85104|466941.625|5|7
510|0.9090909090909091|1273.488512|413035.6875|20|22
511|0.8181818181818182|628.49088|411101.84375|9|11
512|0.0|0.0|0.0|0|4
513|0.0|0.0|0.0|0|7
514|0.5|215.682912|259377.59375|3|6
515|0.5714285714285714|279.382016|213737.53125|4|7
516|0.7142857142857143|622.165248|327389.625|10|14
517|0.0|0.0|0.0|0|4
518|0.9375|1077.596928|679309.625|15|16
519|0.9090909090909091|721.373184|590657.125|10|11
520|0.3333333333333333|170.187424|137462.046875|2|6
521|0.6666666666666666|281.719232|247088.40625|4|6
522|0.6|218.899872|206619.03125|3|5
523|0.6|220.675296|214640.15625|3|5
524|0.625|325.537696|383798.71875|5|8
525|0.0|0.0|0.0|0|4
526|0.0|0.0|0.0|0|6
527|0.0|0.0|0.0|0|3
528|0.0|0.0|0.0|0|2
529|NA|NA|NA|NA|NA
530|0.0|0.0|0.0|0|3
531|0.25|74.668888|109196.890625|1|4
532|1.0|1187.539328|868174.9375|17|17
533|0.75|491.162048|222451.78125|6|8
534|0.4|141.55464|206433.59375|2|5
535|0.0|0.0|0.0|0|6
536|0.25|146.161616|205711.375|2|8
537|0.6666666666666666|316.772992|232451.90625|4|6
538|NA|NA|NA|NA|NA
539|0.0|0.0|0.0|0|4
540|0.7777777777777778|472.753536|305546.875|7|9
541|0.5|225.432864|75630.09375|3|6
542|0.8|974.240384|316385.25|16|20
543|0.6666666666666666|388.436864|243064.609375|6|9
544|NA|NA|NA|NA|NA
545|0.75|650.995968|437403.34375|12|16
546|0.6|244.061328|239590.6875|3|5
547|0.7777777777777778|589.351744|483877.15625|7|9
548|1.0|1232.549248|815965.5625|17|17
549|0.6|213.378848|254080.375|3|5
550|0.9130434782608695|1604.730112|370234.78125|21|23
551|0.0|0.0|0.0|0|1
552|0.3333333333333333|62.936312|5854.603515625|1|3
553|0.5833333333333334|373.952128|296753.03125|7|12
554|0.8888888888888888|967.621632|542506.0625|16|18
555|NA|NA|NA|NA|NA
556|0.9|769.203584|721601.0625|9|10
557|0.9|724.853696|363703.0625|9|10
558|0.3333333333333333|139.228016|73259.84375|2|6
559|0.4|170.278432|200632.09375|2|5
560|0.2|77.267184|72200.34375|1|5
561|1.0|2231.548672|827371.9375|33|33
562|0.0|0.0|0.0|0|2
563|0.0|0.0|0.0|0|4
564|0.5|255.550032|203933.921875|3|6
565|NA|NA|NA|NA|NA
566|0.4|167.950816|139330.59375|2|5
567|0.0|0.0|0.0|0|2
568|0.8333333333333334|808.109696|209160.625|10|12
569|1.0|949.04896|836802.8125|14|14
570|0.8181818181818182|763.637184|250308.484375|9|11
571|1.0|1714.366208|808649.0|25|25
572|NA|NA|NA|NA|NA
573|NA|NA|NA|NA|NA
574|NA|NA|NA|NA|NA
575|0.4|130.392448|161478.171875|2|5
576|0.8333333333333334|411.273664|327399.03125|5|6
577|0.8333333333333334|797.0464|562388.5625|10|12
578|NA|NA|NA|NA|NA
579|0.5|170.865504|166688.625|2|4
580|0.96|1604.166144|652113.375|24|25
581|NA|NA|NA|NA|NA
582|1.0|2121.067648|800105.8125|25|25
583|0.7|574.746688|296506.8125|7|10
584|0.3333333333333333|84.550888|115850.921875|1|3
585|0.0|0.0|0.0|0|4
586|0.7777777777777778|420.541472|421842.0625|7|9
587|0.5|244.998528|89326.2109375|4|8
588|0.5|233.977792|299371.5625|3|6
589|1.0|351.314432|262682.59375|5|5
590|0.0|0.0|0.0|0|3
591|0.0|0.0|0.0|0|3
592|0.0|0.0|0.0|0|5
593|0.625|376.782752|363376.75|5|8
594|0.7777777777777778|551.453312|349336.375|7|9
595|0.6666666666666666|461.778528|328653.625|8|12
596|1.0|1693.205248|799178.0625|20|20
597|0.7142857142857143|400.880352|291846.59375|5|7
598|0.8181818181818182|761.082496|429306.6875|9|11
599|0.0|0.0|0.0|0|3
600|0.0|0.0|0.0|0|7
601|0.6|215.682912|277076.375|3|5
602|0.4|140.5112|186019.4375|2|5
603|0.7777777777777778|498.359808|404462.125|7|9
604|NA|NA|NA|NA|NA
605|0.6666666666666666|367.46128|183289.890625|6|9
606|0.25|73.869824|94465.203125|1|4
607|0.7272727272727273|441.601248|406662.125|8|11
608|0.75|705.968896|281965.15625|12|16
609|1.0|1029.340416|766834.25|15|15
610|0.8888888888888888|650.943232|423901.9375|8|9
611|1.0|2145.943296|753976.5|30|30
612|0.0|0.0|0.0|0|5
613|0.42857142857142855|191.311632|199681.1875|3|7
614|0.0|0.0|0.0|0|1
615|1.0|1777.23968|723471.5625|21|21
616|0.9411764705882353|1122.660864|616157.25|16|17
617|0.8333333333333334|385.381248|349101.03125|5|6
618|0.8333333333333334|367.79216|446166.53125|5|6
619|1.0|970.3264|764868.375|16|16
620|0.0|0.0|0.0|0|2
621|0.6666666666666666|325.529312|370653.4375|4|6
622|0.4|149.992992|167433.625|2|5
623|NA|NA|NA|NA|NA
624|0.7142857142857143|384.207424|387555.28125|5|7
625|0.375|159.507232|154832.140625|3|8
626|0.625|360.151424|416589.875|5|8
627|1.0|926.725696|760993.4375|11|11
628|0.42857142857142855|166.240832|134037.90625|3|7
629|0.75|471.67296|322145.90625|6|8
630|1.0|940.247424|729550.0|11|11
631|0.0|0.0|0.0|0|2
632|0.875|499.648768|321132.5|7|8
633|0.4|165.979296|185699.671875|2|5
634|1.0|76.947816|89390.9296875|1|1
635|0.9333333333333333|904.219712|615698.0|14|15
636|NA|NA|NA|NA|NA
637|0.625|258.806496|286302.4375|5|8
638|0.0|0.0|0.0|0|1
639|0.4|145.908976|156967.875|2|5
640|0.6666666666666666|310.998304|252047.125|4|6
641|1.0|1056.318912|656155.5|16|16
642|0.7|387.894112|335772.25|7|10
643|0.75|420.111808|413528.625|6|8
644|0.0|0.0|0.0|0|3
645|1.0|1883.581696|730803.4375|24|24
646|0.9047619047619048|1190.636672|491964.96875|19|21
647|0.3333333333333333|67.03998|79227.734375|1|3
648|0.7272727272727273|409.704448|354094.03125|8|11
649|0.3333333333333333|84.65564|99790.171875|1|3
650|0.6666666666666666|170.479712|90676.15625|2|3
651|0.25|75.667936|109927.5078125|1|4
652|0.0|0.0|0.0|0|3
653|0.6666666666666666|375.16304|280540.6875|6|9
654|0.8571428571428571|819.024|400580.875|12|14
655|0.4|154.484352|168073.625|2|5
656|0.6666666666666666|153.082368|161857.875|2|3
657|0.6666666666666666|303.473472|244530.21875|4|6
658|1.0|776.189888|764588.8125|11|11
659|0.7777777777777778|583.640576|148452.453125|7|9
660|0.7|429.04288|164218.8125|7|10
661|0.8|329.25664|439875.65625|4|5
662|0.0|0.0|0.0|0|4
663|0.8333333333333334|372.19104|345779.78125|5|6
664|1.0|346.643584|184786.875|6|6
665|0.0|0.0|0.0|0|4
666|0.6666666666666666|299.389536|292849.6875|4|6
667|1.0|666.20896|728069.625|9|9
668|0.2|61.999504|78389.8203125|1|5
669|0.0|0.0|0.0|0|5
670|1.0|718.671552|709897.0|12|12
671|0.5714285714285714|272.4352|196684.875|4|7
672|0.3333333333333333|74.06016|109516.1484375|1|3
673|1.0|842.79488|687915.875|11|11
674|0.8888888888888888|635.792|458947.75|8|9
675|NA|NA|NA|NA|NA
676|0.75|491.485664|285443.875|6|8
677|0.0|0.0|0.0|0|4
678|0.875|454.153024|368699.75|7|8
679|0.14285714285714285|51.225752|70973.6328125|1|7
680|0.875|587.385408|573170.375|7|8
681|0.0|0.0|0.0|0|6
682|NA|NA|NA|NA|NA
683|0.5|159.629136|95635.140625|2|4
684|NA|NA|NA|NA|NA
685|0.5|155.421488|106434.015625|2|4
686|1.0|1852.143488|681757.875|22|22
687|0.0|0.0|0.0|0|2
688|0.6666666666666666|334.770048|157682.546875|4|6
689|0.6|235.466464|166434.90625|3|5
690|0.3333333333333333|148.974656|128578.640625|2|6
691|1.0|1402.4|679413.25|17|17
692|1.0|1346.781184|683522.9375|21|21
693|0.7692307692307693|575.61824|368042.53125|10|13
694|0.4|135.382464|76603.3984375|2|5
695|0.6666666666666666|322.707328|181395.296875|4|6
696|0.875|456.090112|328797.6875|7|8
697|0.0|0.0|0.0|0|3
698|0.25|68.779608|102363.0078125|1|4
699|0.5833333333333334|328.681824|201941.71875|7|12
700|0.5|142.112752|152259.59375|2|4
701|0.4|150.17104|106453.5859375|2|5
702|NA|NA|NA|NA|NA
703|0.6|224.127712|258842.0625|3|5
704|NA|NA|NA|NA|NA
705|1.0|1022.457152|676586.3125|12|12
706|0.7777777777777778|484.478944|452225.90625|7|9
707|1.0|555.673472|544987.75|8|8
708|0.3333333333333333|82.109832|102186.46875|1|3
709|0.8571428571428571|482.1336|536932.125|6|7
710|1.0|1455.522304|660053.4375|21|21
711|0.7777777777777778|489.259328|325518.625|7|9
712|0.0|0.0|0.0|0|1
713|0.8181818181818182|490.90048|355507.78125|9|11
714|0.9|618.398336|501963.53125|9|10
715|1.0|576.821312|712481.1875|8|8
716|0.9090909090909091|787.218304|471843.25|10|11
717|1.0|2312.519936|660863.125|28|28
718|NA|NA|NA|NA|NA
719|0.75|256.433312|281644.9375|3|4
720|0.5|208.587024|208782.25|3|6
721|0.75|437.148864|322076.5|6|8
722|0.7777777777777778|444.303104|421794.875|7|9
723|0.5|138.502944|162066.5|2|4
724|1.0|989.225472|687300.375|12|12
725|0.5|167.397472|204994.71875|2|4
726|0.7142857142857143|391.954272|375920.25|5|7
727|1.0|1065.608832|554176.4375|14|14
728|NA|NA|NA|NA|NA
729|0.5|170.80544|232831.5|2|4
730|0.6666666666666666|302.505984|268220.53125|4|6
731|0.5|195.305216|179637.234375|3|6
732|1.0|879.008128|652992.75|11|11
733|1.0|652.666112|659693.5625|9|9
734|NA|NA|NA|NA|NA
735|1.0|1436.381312|645070.25|19|19
736|0.9090909090909091|772.996416|439103.5625|10|11
737|0.6|323.865184|211645.0|6|10
738|1.0|596.13952|684659.625|7|7
739|0.8333333333333334|382.95552|359425.96875|5|6
740|0.6|176.331712|163197.375|3|5
741|0.7692307692307693|470.330944|373252.34375|10|13
742|0.6666666666666666|361.765952|291012.15625|6|9
743|0.25|85.341784|107881.515625|1|4
744|NA|NA|NA|NA|NA
745|0.9230769230769231|764.66528|396586.6875|12|13
746|0.6666666666666666|341.588992|280675.5625|4|6
747|0.8571428571428571|424.320832|406896.8125|6|7
748|0.8|580.592768|257950.84375|8|10
749|1.0|1594.254208|624904.75|25|25
750|0.4|135.53528|153775.046875|2|5
751|1.0|480.976384|410485.71875|8|8
752|0.2|83.400544|109077.125|1|5
753|NA|NA|NA|NA|NA
754|1.0|887.348864|645251.6875|13|13
755|0.0|0.0|0.0|0|2
756|1.0|904.114688|629916.0|18|18
757|0.8888888888888888|517.841408|416997.25|8|9
758|0.2|70.77732|86912.640625|1|5
759|0.7142857142857143|267.766784|228102.09375|5|7
760|1.0|1027.634176|615992.5625|20|20
761|0.0|0.0|0.0|0|2
762|0.7777777777777778|503.563712|254473.421875|7|9
763|0.8888888888888888|612.6576|422857.875|8|9
764|1.0|896.270464|630336.625|12|12
765|0.8333333333333334|408.871616|346165.71875|5|6
766|0.0|0.0|0.0|0|5
767|0.5|157.320896|168631.984375|2|4
768|0.6666666666666666|155.830432|174515.65625|2|3
769|NA|NA|NA|NA|NA
770|0.3333333333333333|60.093324|77013.96875|1|3
771|0.9090909090909091|813.917056|399180.21875|10|11
772|1.0|1312.716672|617848.875|18|18
773|0.3333333333333333|73.811056|55153.9375|1|3
774|1.0|1758.871808|613491.625|26|26
775|0.9|664.219648|469963.3125|9|10
776|0.8|338.239616|297118.1875|4|5
777|1.0|460.571872|611316.0625|7|7
778|1.0|740.6336|655364.625|9|9
779|0.75|480.810432|261705.96875|6|8
780|NA|NA|NA|NA|NA
781|0.6|207.067488|200687.46875|3|5
782|0.7142857142857143|372.069984|302974.09375|5|7
783|0.6|254.855104|314972.75|3|5
784|0.75|349.680192|161852.84375|6|8
785|1.0|1033.055296|613798.375|13|13
786|0.75|525.638496|228687.9375|9|12
787|0.75|220.228832|251662.96875|3|4
788|1.0|949.615424|597912.75|12|12
789|0.6|239.467872|170951.28125|3|5
790|1.0|1552.114432|602255.6875|21|21
791|1.0|693.838464|506267.3125|11|11
792|0.7|348.715488|294449.625|7|10
793|0.9|698.135296|349486.78125|9|10
794|0.5555555555555556|230.507712|182482.78125|5|9
795|1.0|875.446656|445252.21875|14|14
796|0.6666666666666666|338.806304|386263.46875|4|6
797|0.0|0.0|0.0|0|5
798|0.5|161.372592|211128.359375|2|4
799|0.8333333333333334|525.535872|402048.875|10|12
800|0.0|0.0|0.0|0|5
801|0.25|85.08748|109717.5546875|1|4
802|1.0|1929.493376|590616.25|23|23
803|0.6|242.81824|213416.21875|3|5
804|NA|NA|NA|NA|NA
805|0.5|149.035168|158268.09375|2|4
806|1.0|650.795264|609486.375|8|8
807|0.3333333333333333|84.787024|121632.4765625|1|3
808|0.0|0.0|0.0|0|6
809|NA|NA|NA|NA|NA
810|0.9375|904.233472|465291.78125|15|16
811|0.0|0.0|0.0|0|3
812|1.0|793.373568|588473.5625|17|17
813|1.0|653.836352|617950.3125|9|9
814|0.0|0.0|0.0|0|1
815|1.0|693.881472|604500.1875|10|10
816|0.5|136.06656|173080.84375|2|4
817|0.0|0.0|0.0|0|3
818|0.8|455.979712|364771.4375|8|10
819|0.5|147.116864|184018.71875|2|4
820|0.9230769230769231|844.738304|434786.5|12|13
821|1.0|1591.790336|492327.8125|22|22
822|0.8333333333333334|392.100864|441044.21875|5|6
823|0.0|0.0|0.0|0|2
824|1.0|302.219136|187126.03125|4|4
825|1.0|1536.509568|583198.125|22|22
826|0.75|461.956224|208406.984375|6|8
827|0.8571428571428571|411.5424|454493.78125|6|7
828|0.9411764705882353|1005.894784|465449.84375|16|17
829|0.3333333333333333|76.179328|98223.859375|1|3
830|1.0|582.28128|441276.1875|9|9
831|0.8888888888888888|576.75904|371325.5625|8|9
832|0.9375|941.259072|412826.59375|15|16
833|1.0|1121.39136|596329.9375|14|14
834|1.0|832.192064|483201.6875|11|11
835|0.6666666666666666|147.55632|156278.90625|2|3
836|0.25|78.637184|57467.87890625|1|4
837|1.0|2097.535104|523515.90625|27|27
838|0.0|0.0|0.0|0|3
839|NA|NA|NA|NA|NA
840|0.0|0.0|0.0|0|2
841|0.0|0.0|0.0|0|3
842|1.0|1805.95712|568765.625|26|26
843|0.7777777777777778|438.524192|178235.953125|7|9
844|NA|NA|NA|NA|NA
845|NA|NA|NA|NA|NA
846|1.0|935.277056|564332.125|14|14
847|0.7142857142857143|378.85808|259179.53125|5|7
848|0.2|78.392256|114165.359375|1|5
849|0.0|0.0|0.0|0|5
850|1.0|769.155072|555537.625|9|9
851|0.0|0.0|0.0|0|3
852|0.2|81.939552|121634.1484375|1|5
853|0.42857142857142855|157.544608|159693.875|3|7
854|0.7142857142857143|427.397376|271397.34375|5|7
855|0.875|481.151744|478234.53125|7|8
856|0.0|0.0|0.0|0|2
857|NA|NA|NA|NA|NA
858|0.8333333333333334|543.124672|425362.75|10|12
859|1.0|527.292608|574173.0|9|9
860|NA|NA|NA|NA|NA
861|1.0|1563.378688|554374.25|22|22
862|NA|NA|NA|NA|NA
863|NA|NA|NA|NA|NA
864|1.0|1295.756544|534547.75|18|18
865|0.8571428571428571|443.540864|400835.78125|6|7
866|0.0|0.0|0.0|0|3
867|1.0|646.477696|409441.96875|10|10
868|1.0|531.909888|457215.75|10|10
869|1.0|812.921408|517675.375|16|16
870|0.7777777777777778|361.846016|387070.28125|7|9
871|0.3333333333333333|79.250992|113302.140625|1|3
872|0.5|169.81184|184035.5625|2|4
873|1.0|145.067712|186123.71875|2|2
874|1.0|689.940544|600409.875|9|9
875|1.0|497.048192|629863.0|6|6
876|0.8571428571428571|407.592|342070.8125|6|7
877|1.0|1008.401408|553424.0|12|12
878|0.5|158.126096|169943.015625|2|4
879|0.8|367.9584|307279.6875|8|10
880|0.4|147.68088|134001.53125|2|5
881|1.0|766.650496|573657.9375|9|9
882|0.4|161.653248|202606.625|2|5
883|1.0|850.948864|594775.375|11|11
884|NA|NA|NA|NA|NA
885|0.4|169.974944|117953.71875|2|5
886|0.7142857142857143|370.845536|159204.171875|5|7
887|0.6666666666666666|330.39712|285724.15625|4|6
888|0.6666666666666666|282.416|285271.40625|4|6
889|0.6666666666666666|237.865856|128602.0625|4|6
890|NA|NA|NA|NA|NA
891|1.0|918.825856|420311.6875|12|12
892|0.5|124.605136|71599.8125|2|4
893|0.0|0.0|0.0|0|2
894|1.0|1224.571648|554329.875|15|15
895|0.75|459.575232|309834.65625|6|8
896|0.5|74.181208|53525.609375|1|2
897|0.6|256.341056|123567.5|3|5
898|0.8333333333333334|488.300032|369903.46875|10|12
899|0.6|255.487376|219786.1875|3|5
900|0.8333333333333334|648.741952|256442.078125|10|12
901|NA|NA|NA|NA|NA
902|NA|NA|NA|NA|NA
903|0.0|0.0|0.0|0|3
904|0.9333333333333333|943.6144|277925.1875|14|15
905|0.8181818181818182|629.628352|299621.5625|9|11
906|NA|NA|NA|NA|NA
907|1.0|646.691648|528281.5|13|13
908|0.8571428571428571|471.27792|284136.65625|6|7
909|0.8181818181818182|448.043232|296177.6875|9|11
910|0.8|264.751424|257853.34375|4|5
911|0.0|0.0|0.0|0|3
912|0.625|268.721408|265614.71875|5|8
913|NA|NA|NA|NA|NA
914|0.8333333333333334|474.878592|387448.125|10|12
915|0.5714285714285714|209.960336|207096.71875|4|7
916|NA|NA|NA|NA|NA
917|0.75|324.043392|380146.625|6|8
918|1.0|957.549824|525563.75|15|15
919|0.6|220.613024|169499.53125|3|5
920|0.7777777777777778|415.013952|296490.78125|7|9
921|0.3333333333333333|78.243912|43462.890625|1|3
922|NA|NA|NA|NA|NA
923|0.7142857142857143|289.91744|227960.96875|5|7
924|0.7|360.582624|259341.71875|7|10
925|1.0|711.808064|532893.5|10|10
926|1.0|1863.488|523216.9375|22|22
927|NA|NA|NA|NA|NA
928|1.0|587.12512|594415.5|7|7
929|0.9090909090909091|801.507584|183748.921875|10|11
930|NA|NA|NA|NA|NA
931|0.3333333333333333|83.996856|71385.9296875|1|3
932|NA|NA|NA|NA|NA
933|0.75|482.047424|249411.65625|6|8
934|0.7777777777777778|339.42336|247634.5|7|9
935|0.8571428571428571|510.51552|385200.5|6|7
936|1.0|551.239424|545480.5|8|8
937|1.0|1452.65216|518621.71875|17|17
938|0.3333333333333333|83.558664|15909.923828125|1|3
939|0.6|238.530368|127558.75|3|5
940|1.0|245.742832|326127.5625|3|3
941|1.0|708.631104|546807.75|9|9
942|1.0|679.035456|514553.28125|13|13
943|1.0|547.553984|521905.5625|10|10
944|1.0|833.976768|500516.46875|13|13
945|1.0|1363.544064|472791.78125|16|16
946|0.5|125.193608|121409.3828125|2|4
947|0.2|55.974928|78690.5|1|5
948|NA|NA|NA|NA|NA
949|0.6|156.655824|157730.109375|3|5
950|0.8571428571428571|359.381152|216564.5|6|7
951|0.8181818181818182|544.430528|225811.09375|9|11
952|0.5|175.975888|94955.140625|3|6
953|NA|NA|NA|NA|NA
954|0.5|150.974144|178744.359375|3|6
955|0.5|125.789072|158573.8125|2|4
956|0.0|0.0|0.0|0|2
957|1.0|660.611584|338755.71875|10|10
958|0.0|0.0|0.0|0|2
959|1.0|706.746176|498738.34375|9|9
960|0.5|134.625408|144604.703125|2|4
961|0.6|225.25656|129245.4921875|3|5
962|0.9|750.54464|381198.1875|9|10
963|NA|NA|NA|NA|NA
964|0.9230769230769231|875.948608|315778.84375|12|13
965|0.9166666666666666|701.805376|272054.28125|11|12
966|NA|NA|NA|NA|NA
967|0.6666666666666666|291.104768|331873.5|4|6
968|0.0|0.0|0.0|0|1
969|1.0|422.460736|511615.28125|5|5
970|NA|NA|NA|NA|NA
971|0.6|222.173456|193492.625|3|5
972|0.5|143.678944|196544.578125|2|4
973|NA|NA|NA|NA|NA
974|NA|NA|NA|NA|NA
975|0.75|496.1408|198054.34375|6|8
976|0.8571428571428571|392.849696|253096.359375|6|7
977|0.9090909090909091|635.37472|356168.59375|10|11
978|0.4|104.929424|83948.671875|2|5
979|1.0|529.266528|103164.890625|8|8
980|0.6|251.3076|168116.21875|3|5
981|0.9166666666666666|872.955584|367659.5|11|12
982|0.8571428571428571|432.42912|426320.875|6|7
983|1.0|372.863744|493112.71875|5|5
984|1.0|1551.248896|383367.15625|19|19
985|0.9230769230769231|707.315392|327356.15625|12|13
986|0.6666666666666666|193.045552|191476.25|4|6
987|1.0|839.04576|484118.4375|13|13
988|1.0|583.395584|517699.625|7|7
989|0.6666666666666666|166.663552|136065.171875|2|3
990|0.5|128.44812|118009.046875|2|4
991|NA|NA|NA|NA|NA
992|0.6|208.659872|187789.171875|3|5
993|0.0|0.0|0.0|0|2
994|1.0|950.944896|459158.78125|14|14
995|0.6666666666666666|274.143008|195860.59375|4|6
996|NA|NA|NA|NA|NA
997|0.6666666666666666|256.32568|165576.78125|4|6
998|1.0|717.6016|517666.03125|10|10
999|NA|NA|NA|NA|NA
1000|1.0|658.554688|495052.625|8|8
1001|1.0|1031.83552|478042.8125|23|23
1002|NA|NA|NA|NA|NA
1003|0.75|374.160256|293470.0625|6|8
1004|0.0|0.0|0.0|0|2
1005|0.0|0.0|0.0|0|1
1006|0.7142857142857143|314.096704|144957.515625|5|7
1007|NA|NA|NA|NA|NA
1008|1.0|949.274496|478603.25|14|14
1009|1.0|1850.600704|485518.59375|22|22
1010|NA|NA|NA|NA|NA
1011|0.8333333333333334|346.004128|392471.75|5|6
1012|0.0|0.0|0.0|0|3
1013|0.5|139.654592|194782.5625|2|4
1014|NA|NA|NA|NA|NA
1015|NA|NA|NA|NA|NA
1016|0.9|597.9056|284377.71875|9|10
1017|NA|NA|NA|NA|NA
1018|1.0|1090.773504|493500.4375|14|14
1019|0.0|0.0|0.0|0|2
1020|0.75|231.542704|263518.625|3|4
1021|0.75|350.671136|236873.03125|6|8
1022|0.8|284.641408|245271.71875|4|5
1023|0.6|230.094224|193564.09375|3|5
1024|NA|NA|NA|NA|NA
1025|NA|NA|NA|NA|NA
1026|0.3333333333333333|105.5172|110316.34375|2|6
1027|0.7777777777777778|391.65696|232029.34375|7|9
1028|0.8571428571428571|436.947968|262368.4375|6|7
1029|0.75|227.746768|101385.5078125|3|4
1030|1.0|593.580352|512744.3125|7|7
1031|NA|NA|NA|NA|NA
1032|0.8|434.9808|283924.1875|8|10
1033|1.0|151.792|67791.796875|2|2
1034|0.3333333333333333|79.661232|112795.78125|1|3
1035|1.0|551.53088|463287.625|8|8
1036|1.0|368.733376|355828.59375|5|5
1037|0.0|0.0|0.0|0|2
1038|NA|NA|NA|NA|NA
1039|1.0|635.8208|447981.8125|9|9
1040|0.875|492.934912|435332.6875|7|8
1041|0.16666666666666666|50.220796|65933.765625|1|6
1042|0.0|0.0|0.0|0|2
1043|0.8888888888888888|678.53472|323667.1875|8|9
1044|0.8571428571428571|414.70384|358678.3125|6|7
1045|0.6666666666666666|297.945792|219047.71875|4|6
1046|1.0|966.83008|471521.65625|12|12
1047|0.9|587.122368|199971.265625|9|10
1048|0.6666666666666666|142.8612|193615.75|2|3
1049|0.0|0.0|0.0|0|2
1050|1.0|1207.22752|468296.625|16|16
1051|1.0|559.306944|511433.71875|7|7
1052|0.75|287.848896|273861.71875|6|8
1053|0.5|141.145712|101696.484375|2|4
1054|NA|NA|NA|NA|NA
1055|NA|NA|NA|NA|NA
1056|1.0|834.470912|439239.65625|13|13
1057|0.4|141.346656|106334.625|2|5
1058|1.0|780.476544|468468.0625|12|12
1059|0.75|227.235376|183251.25|3|4
1060|0.8|299.27024|295773.25|4|5
1061|0.2|57.008808|19565.638671875|1|5
1062|NA|NA|NA|NA|NA
1063|1.0|415.51648|458585.9375|5|5
1064|1.0|570.772736|474444.875|8|8
1065|1.0|833.402048|399980.1875|10|10
1066|0.0|0.0|0.0|0|2
1067|1.0|380.108928|494506.6875|5|5
1068|NA|NA|NA|NA|NA
1069|0.9090909090909091|811.982208|341571.5|10|11
1070|1.0|1048.195328|455071.3125|16|16
1071|NA|NA|NA|NA|NA
1072|NA|NA|NA|NA|NA
1073|1.0|1297.848448|449813.75|21|21
1074|1.0|396.254976|447838.28125|5|5
1075|1.0|648.30592|459613.0625|9|9
1076|0.6666666666666666|213.57752|205774.25|4|6
1077|0.0|0.0|0.0|0|2
1078|0.8571428571428571|361.051168|281142.6875|6|7
1079|NA|NA|NA|NA|NA
1080|0.25|69.071072|85836.90625|1|4
1081|1.0|1000.992192|457539.25|12|12
1082|0.6666666666666666|143.810528|100956.3828125|2|3
1083|1.0|379.369472|349949.40625|5|5
1084|NA|NA|NA|NA|NA
1085|1.0|84.259744|115920.09375|1|1
1086|0.8571428571428571|470.49312|275167.9375|6|7
1087|1.0|725.664064|451886.5625|10|10
1088|0.6666666666666666|163.627808|226291.65625|2|3
1089|0.25|74.61012|103063.640625|1|4
1090|1.0|807.938432|439064.09375|11|11
1091|1.0|666.094976|480455.8125|9|9
1092|1.0|369.414912|339628.46875|5|5
1093|1.0|540.656512|457203.125|10|10
1094|0.0|0.0|0.0|0|1
1095|0.0|0.0|0.0|0|3
1096|0.6666666666666666|341.120448|174494.75|6|9
1097|0.0|0.0|0.0|0|3
1098|1.0|1127.858048|417998.375|16|16
1099|NA|NA|NA|NA|NA
1100|0.8|316.3488|297211.125|4|5
1101|1.0|587.619072|285164.15625|7|7
1102|0.7|347.895776|159653.03125|7|10
1103|1.0|379.02736|431542.90625|5|5
1104|0.3333333333333333|79.661232|28513.578125|1|3
1105|NA|NA|NA|NA|NA
1106|1.0|662.849536|453875.09375|8|8
1107|0.0|0.0|0.0|0|1
1108|1.0|879.42528|449248.96875|13|13
1109|0.3333333333333333|80.966984|77958.9140625|1|3
1110|0.6|230.356544|161820.203125|3|5
1111|0.6|210.661056|93495.265625|3|5
1112|1.0|914.95744|444819.9375|13|13
1113|1.0|642.240576|274619.09375|10|10
1114|0.5|83.996856|106820.25|1|2
1115|1.0|1144.439424|436248.0|17|17
1116|0.6666666666666666|267.857776|224304.1875|4|6
1117|1.0|618.412352|451342.3125|9|9
1118|1.0|1206.131712|430195.9375|15|15
1119|1.0|720.374912|463461.4375|9|9
1120|NA|NA|NA|NA|NA
1121|1.0|894.408832|433194.15625|13|13
1122|NA|NA|NA|NA|NA
1123|1.0|566.860032|459539.5|8|8
1124|0.3333333333333333|75.840736|97384.78125|1|3
1125|0.5|149.63512|127247.515625|2|4
1126|0.6666666666666666|318.008864|118668.53125|4|6
1127|1.0|1620.068864|409231.90625|19|19
1128|0.0|0.0|0.0|0|1
1129|0.8333333333333334|320.344448|153240.21875|5|6
1130|1.0|677.712192|445757.0625|8|8
1131|0.6|154.380912|169279.46875|3|5
1132|NA|NA|NA|NA|NA
1133|0.8333333333333334|380.502784|165026.625|5|6
1134|0.7777777777777778|372.976256|234530.0|7|9
1135|0.5|149.992992|109956.7890625|2|4
1136|0.8571428571428571|343.88928|258473.046875|6|7
1137|NA|NA|NA|NA|NA
1138|0.0|0.0|0.0|0|1
1139|0.0|0.0|0.0|0|2
1140|0.0|0.0|0.0|0|2
1141|0.0|0.0|0.0|0|2
1142|1.0|595.186624|452294.0|7|7
1143|0.9285714285714286|815.3936|282872.28125|13|14
1144|1.0|1394.676736|418137.375|17|17
1145|0.7777777777777778|462.441664|138338.9375|7|9
1146|NA|NA|NA|NA|NA
1147|NA|NA|NA|NA|NA
1148|0.8|341.80928|265173.46875|4|5
1149|1.0|791.652416|372819.0|11|11
1150|0.9|461.234816|336902.8125|9|10
1151|1.0|649.858176|414916.9375|10|10
1152|0.0|0.0|0.0|0|2
1153|0.0|0.0|0.0|0|3
1154|0.5|140.604096|105713.8203125|3|6
1155|1.0|1568.329472|417637.40625|19|19
1156|1.0|725.933888|430221.1875|9|9
1157|0.0|0.0|0.0|0|3
1158|0.75|251.0584|138628.890625|3|4
1159|1.0|666.64544|398269.0625|13|13
1160|1.0|1435.518592|287073.625|17|17
1161|0.6|216.680432|215822.984375|3|5
1162|NA|NA|NA|NA|NA
1163|0.4|130.145472|161461.921875|2|5
1164|0.0|0.0|0.0|0|2
1165|0.8888888888888888|612.6576|172035.3125|8|9
1166|0.0|0.0|0.0|0|2
1167|NA|NA|NA|NA|NA
1168|1.0|1171.046912|373431.625|17|17
1169|0.875|383.507968|351517.1875|7|8
1170|0.0|0.0|0.0|0|2
1171|1.0|722.236544|323682.3125|11|11
1172|0.7777777777777778|329.81088|203406.5|7|9
1173|1.0|877.905088|391432.8125|14|14
1174|1.0|825.340928|425325.375|10|10
1175|1.0|844.811136|404369.65625|12|12
1176|0.8571428571428571|373.303424|205637.28125|6|7
1177|1.0|766.365056|422559.78125|9|9
1178|1.0|425.217344|396241.6875|8|8
1179|1.0|422.51744|424400.34375|5|5
1180|0.8333333333333334|365.376384|265649.21875|5|6
1181|0.0|0.0|0.0|0|3
1182|1.0|597.42592|223037.28125|9|9
1183|0.3333333333333333|75.261824|109269.3359375|1|3
1184|1.0|873.37664|409526.875|12|12
1185|0.6666666666666666|138.273824|119132.2578125|2|3
1186|0.25|70.915968|103925.03125|1|4
1187|0.9411764705882353|1068.207232|229370.0625|16|17
1188|NA|NA|NA|NA|NA
1189|NA|NA|NA|NA|NA
1190|0.75|211.43072|155063.25|3|4
1191|1.0|489.828064|375485.09375|7|7
1192|1.0|424.185664|428619.25|6|6
1193|0.5|85.33448|118599.3359375|1|2
1194|0.75|364.227008|189426.703125|6|8
1195|1.0|851.574144|399870.5625|10|10
1196|1.0|455.552256|452922.9375|6|6
1197|0.875|514.275744|268596.9375|7|8
1198|1.0|662.113152|370581.40625|10|10
1199|0.5714285714285714|175.263296|155154.0|4|7
1200|0.5|147.497568|201330.21875|2|4
1201|NA|NA|NA|NA|NA
1202|1.0|623.724544|301705.59375|9|9
1203|0.0|0.0|0.0|0|3
1204|0.8333333333333334|389.86176|205684.53125|5|6
1205|1.0|1019.081472|296671.40625|12|12
1206|NA|NA|NA|NA|NA
1207|0.8333333333333334|330.783776|297339.3125|5|6
1208|1.0|564.146176|320001.90625|9|9
1209|0.8333333333333334|364.545664|233370.46875|5|6
1210|0.0|0.0|0.0|0|2
1211|0.75|237.570288|225413.59375|3|4
1212|0.0|0.0|0.0|0|1
1213|NA|NA|NA|NA|NA
1214|0.8333333333333334|333.431648|302152.875|5|6
1215|0.0|0.0|0.0|0|2
1216|0.0|0.0|0.0|0|3
1217|0.6666666666666666|169.010752|144056.171875|2|3
1218|0.0|0.0|0.0|0|2
1219|1.0|809.954112|411126.375|14|14
1220|1.0|437.280448|462750.53125|6|6
1221|0.75|217.535776|141307.53125|3|4
1222|1.0|715.189504|319972.15625|10|10
1223|1.0|515.013536|166095.015625|8|8
1224|0.75|222.607648|248049.75|3|4
1225|1.0|671.751552|330802.28125|11|11
1226|0.9166666666666666|644.971584|320353.875|11|12
1227|1.0|1033.954688|386772.125|16|16
1228|0.8333333333333334|322.96064|195707.359375|5|6
1229|0.8|271.67472|256535.46875|4|5
1230|1.0|130.145472|78396.46875|2|2
1231|NA|NA|NA|NA|NA
1232|0.6666666666666666|151.9648|193619.8125|2|3
1233|1.0|584.452608|398671.875|8|8
1234|0.5|127.042232|96354.703125|2|4
1235|0.6666666666666666|159.980672|120618.4609375|2|3
1236|1.0|1194.049408|355852.1875|14|14
1237|NA|NA|NA|NA|NA
1238|0.5|157.319152|63531.484375|2|4
1239|1.0|1193.521536|384140.65625|17|17
1240|1.0|894.90848|386597.21875|13|13
1241|0.0|0.0|0.0|0|2
1242|1.0|1030.844608|381734.3125|16|16
1243|0.8|320.13712|185267.34375|4|5
1244|NA|NA|NA|NA|NA
1245|0.8|275.472224|331773.0|4|5
1246|0.3333333333333333|62.85276|42249.16015625|1|3
1247|0.75|256.438848|207603.421875|3|4
1248|1.0|1513.338752|298610.9375|23|23
1249|0.8571428571428571|410.136704|276416.46875|6|7
1250|0.75|253.043776|233820.46875|3|4
1251|1.0|836.842816|390936.40625|11|11
1252|0.0|0.0|0.0|0|2
1253|1.0|370.598176|386603.8125|5|5
1254|0.75|254.434832|168138.71875|3|4
1255|1.0|889.357312|410745.5625|11|11
1256|0.8|302.1016|281023.78125|4|5
1257|0.3333333333333333|75.667936|57288.1796875|1|3
1258|0.7142857142857143|280.947424|214709.6875|5|7
1259|1.0|156.187648|42231.96875|2|2
1260|NA|NA|NA|NA|NA
1261|1.0|649.425024|388828.0|8|8
1262|NA|NA|NA|NA|NA
1263|0.8571428571428571|434.08464|252459.4375|6|7
1264|1.0|352.219264|451022.34375|5|5
1265|0.7142857142857143|331.725632|131452.09375|5|7
1266|1.0|425.861056|427060.625|5|5
1267|0.7142857142857143|249.184608|211891.96875|5|7
1268|0.8571428571428571|373.971968|219274.71875|6|7
1269|1.0|622.784384|212703.5|9|9
1270|NA|NA|NA|NA|NA
1271|NA|NA|NA|NA|NA
1272|1.0|701.572672|408426.0|9|9
1273|1.0|320.180192|139995.40625|4|4
1274|0.8|341.54432|229147.40625|4|5
1275|0.75|216.396144|167304.796875|3|4
1276|0.75|222.239248|129434.90625|3|4
1277|0.8333333333333334|415.77696|221348.84375|5|6
1278|NA|NA|NA|NA|NA
1279|0.8|270.389952|241556.359375|4|5
1280|1.0|602.641024|395165.09375|10|10
1281|0.8|206.992736|239527.296875|4|5
1282|0.75|224.959216|246785.125|3|4
1283|1.0|345.618688|445353.71875|5|5
1284|0.9090909090909091|590.714368|280825.8125|10|11
1285|NA|NA|NA|NA|NA
1286|NA|NA|NA|NA|NA
1287|0.6666666666666666|157.843344|105830.984375|2|3
1288|1.0|525.1232|418458.875|7|7
1289|0.8333333333333334|354.514048|276736.96875|5|6
1290|NA|NA|NA|NA|NA
1291|NA|NA|NA|NA|NA
1292|0.5|144.40976|181347.28125|2|4
1293|0.6666666666666666|169.618656|125131.0078125|2|3
1294|NA|NA|NA|NA|NA
1295|1.0|513.140608|371123.15625|7|7
1296|1.0|1265.353472|370384.78125|15|15
1297|0.6|168.323216|82166.015625|3|5
1298|1.0|1018.688576|393780.1875|13|13
1299|1.0|438.817312|385228.5625|6|6
1300|0.7777777777777778|361.258048|185440.40625|7|9
1301|NA|NA|NA|NA|NA
1302|1.0|663.145216|439284.75|8|8
1303|NA|NA|NA|NA|NA
1304|NA|NA|NA|NA|NA
1305|1.0|386.02528|372514.21875|5|5
1306|NA|NA|NA|NA|NA
1307|0.8888888888888888|471.964608|221830.9375|8|9
1308|0.0|0.0|0.0|0|4
1309|1.0|547.463296|363263.09375|8|8
1310|0.75|224.246992|167777.59375|3|4
1311|0.8|295.545088|201986.4375|4|5
1312|1.0|870.743872|361789.71875|11|11
1313|0.8|275.687328|109539.890625|4|5
1314|0.5|85.144576|59867.5390625|1|2
1315|NA|NA|NA|NA|NA
1316|0.5|101.3486|112590.25|2|4
1317|NA|NA|NA|NA|NA
1318|0.8571428571428571|407.58848|278238.375|6|7
1319|1.0|1101.149952|364532.34375|18|18
1320|1.0|566.43712|369808.5625|8|8
1321|0.25|52.513696|78435.15625|1|4
1322|1.0|595.224384|397727.0625|7|7
1323|NA|NA|NA|NA|NA
1324|0.6666666666666666|274.281728|203551.25|4|6
1325|1.0|508.640512|374904.03125|6|6
1326|0.75|244.061328|219392.46875|3|4
1327|0.75|236.765008|187030.703125|3|4
1328|0.75|206.991104|202532.0625|3|4
1329|1.0|835.597248|364678.375|11|11
1330|1.0|942.627648|364978.0|15|15
1331|NA|NA|NA|NA|NA
1332|0.8333333333333334|273.063904|249767.78125|5|6
1333|0.3333333333333333|85.44584|102982.8984375|1|3
1334|0.3333333333333333|69.792624|75522.2265625|1|3
1335|0.0|0.0|0.0|0|3
1336|NA|NA|NA|NA|NA
1337|1.0|696.88576|385762.1875|9|9
1338|0.8571428571428571|357.512032|196663.109375|6|7
1339|0.75|212.058176|208195.953125|3|4
1340|0.5|80.72764|68615.484375|1|2
1341|1.0|1014.28992|347248.5625|14|14
1342|0.9|570.662912|226252.171875|9|10
1343|0.3333333333333333|77.993768|87051.8828125|1|3
1344|NA|NA|NA|NA|NA
1345|0.0|0.0|0.0|0|4
1346|1.0|621.998208|359559.90625|10|10
1347|1.0|598.663296|228578.953125|8|8
1348|0.8|260.130992|150348.15625|4|5
1349|0.8|247.590688|263964.4375|4|5
1350|NA|NA|NA|NA|NA
1351|0.0|0.0|0.0|0|2
1352|1.0|508.084064|368437.0625|6|6
1353|1.0|360.800288|228489.046875|6|6
1354|0.6|147.520192|99773.5234375|3|5
1355|1.0|507.832544|375098.34375|6|6
1356|0.6666666666666666|215.322608|169702.84375|4|6
1357|1.0|426.098752|374486.5625|5|5
1358|1.0|314.541728|357270.625|4|4
1359|0.3333333333333333|81.39048|108867.609375|1|3
1360|1.0|69.50472|40507.92578125|1|1
1361|0.3333333333333333|78.537104|99222.8125|1|3
1362|1.0|555.06976|351468.375|15|15
1363|NA|NA|NA|NA|NA
1364|1.0|712.494208|348313.84375|10|10
1365|0.75|231.698|227745.1875|3|4
1366|0.6666666666666666|151.111328|87024.3828125|2|3
1367|NA|NA|NA|NA|NA
1368|1.0|1240.63488|344192.0625|20|20
1369|0.9166666666666666|640.34816|227770.03125|11|12
1370|NA|NA|NA|NA|NA
1371|1.0|378.854592|386752.125|5|5
1372|NA|NA|NA|NA|NA
1373|0.75|253.391568|212381.671875|3|4
1374|NA|NA|NA|NA|NA
1375|0.75|205.884032|213127.3125|3|4
1376|0.3333333333333333|73.24704|72566.5078125|1|3
1377|NA|NA|NA|NA|NA
1378|1.0|494.0512|323310.4375|7|7
1379|1.0|390.515648|192408.671875|5|5
1380|1.0|623.98816|344722.96875|13|13
1381|NA|NA|NA|NA|NA
1382|0.0|0.0|0.0|0|3
1383|0.5|81.903392|75857.546875|1|2
1384|0.3333333333333333|74.487328|79850.4765625|1|3
1385|1.0|500.116384|360844.875|7|7
1386|NA|NA|NA|NA|NA
1387|1.0|137.177296|88425.078125|2|2
1388|NA|NA|NA|NA|NA
1389|NA|NA|NA|NA|NA
1390|1.0|314.541728|343529.375|4|4
1391|0.875|398.502912|163498.1875|7|8
1392|0.6666666666666666|247.670736|125715.1875|4|6
1393|0.75|252.375536|102344.8203125|3|4
1394|0.75|205.953392|162904.09375|3|4
1395|0.8|243.165376|178697.96875|4|5
1396|NA|NA|NA|NA|NA
1397|1.0|1033.831936|342480.4375|14|14
1398|1.0|252.943296|361945.125|3|3
1399|0.6|222.79448|92458.34375|3|5
1400|NA|NA|NA|NA|NA
1401|NA|NA|NA|NA|NA
1402|0.5|127.209304|30824.734375|2|4
1403|NA|NA|NA|NA|NA
1404|NA|NA|NA|NA|NA
1405|1.0|602.505984|357008.75|8|8
1406|1.0|622.919552|352519.90625|9|9
1407|0.0|0.0|0.0|0|2
1408|1.0|340.76704|150743.890625|5|5
1409|0.75|248.475456|154570.71875|3|4
1410|1.0|1025.573376|339036.21875|12|12
1411|0.6666666666666666|158.362336|154311.734375|2|3
1412|1.0|280.738048|339599.21875|4|4
1413|1.0|498.351424|339712.0|6|6
1414|1.0|423.725536|390102.8125|5|5
1415|0.0|0.0|0.0|0|2
1416|1.0|1190.44928|360985.3125|14|14
1417|0.8888888888888888|497.817952|199129.6875|8|9
1418|0.8|288.351872|144305.734375|4|5
1419|0.8571428571428571|387.317024|270985.90625|6|7
1420|1.0|501.868576|369520.15625|6|6
1421|1.0|594.955776|312652.4375|7|7
1422|1.0|607.855744|364646.125|8|8
1423|NA|NA|NA|NA|NA
1424|1.0|323.14464|297382.90625|4|4
1425|0.8571428571428571|329.053216|194006.5625|6|7
1426|0.5|141.627488|147908.4375|2|4
1427|0.8|310.225216|185353.34375|4|5
1428|1.0|683.525696|330334.3125|14|14
1429|1.0|413.815872|350745.78125|5|5
1430|1.0|361.083136|357404.375|5|5
1431|1.0|426.545184|271069.5|5|5
1432|1.0|565.594624|300628.625|8|8
1433|NA|NA|NA|NA|NA
1434|1.0|256.025344|150535.09375|3|3
1435|0.6666666666666666|159.232848|196482.0625|2|3
1436|NA|NA|NA|NA|NA
1437|0.3333333333333333|83.346408|67384.1015625|1|3
1438|1.0|465.990144|361925.03125|7|7
1439|1.0|460.957632|386668.875|7|7
1440|1.0|395.9792|336011.0625|5|5
1441|1.0|763.171136|336172.1875|11|11
1442|0.8|203.915808|196784.203125|4|5
1443|NA|NA|NA|NA|NA
1444|0.9230769230769231|1011.728512|201663.921875|12|13
1445|1.0|709.531136|346724.9375|9|9
1446|NA|NA|NA|NA|NA
1447|NA|NA|NA|NA|NA
1448|1.0|317.748192|343220.1875|6|6
1449|0.6|202.960848|154823.28125|3|5
1450|1.0|1018.255488|335679.53125|12|12
1451|0.0|0.0|0.0|0|2
1452|0.8|214.45888|243866.46875|4|5
1453|0.3333333333333333|82.077168|18534.263671875|1|3
1454|NA|NA|NA|NA|NA
1455|0.8333333333333334|305.876128|225102.625|5|6
1456|NA|NA|NA|NA|NA
1457|1.0|537.018688|329653.34375|7|7
1458|0.75|238.256288|226270.875|3|4
1459|1.0|438.095808|280336.03125|7|7
1460|0.6|230.413568|87554.328125|3|5
1461|0.0|0.0|0.0|0|2
1462|1.0|620.71104|336467.34375|8|8
1463|0.6666666666666666|99.222616|90705.09375|2|3
1464|NA|NA|NA|NA|NA
1465|1.0|957.83424|321824.90625|13|13
1466|NA|NA|NA|NA|NA
1467|1.0|609.723008|328876.4375|9|9
1468|NA|NA|NA|NA|NA
1469|0.0|0.0|0.0|0|3
1470|1.0|748.05824|328196.4375|15|15
1471|NA|NA|NA|NA|NA
1472|NA|NA|NA|NA|NA
1473|1.0|793.422208|310670.75|15|15
1474|1.0|1122.10432|334832.65625|17|17
1475|NA|NA|NA|NA|NA
1476|0.75|253.863888|193288.65625|3|4
1477|0.8|269.098016|269138.3125|4|5
1478|NA|NA|NA|NA|NA
1479|0.75|213.44816|209862.53125|3|4
1480|1.0|457.749696|330210.8125|6|6
1481|1.0|931.495296|334233.25|11|11
1482|NA|NA|NA|NA|NA
1483|NA|NA|NA|NA|NA
1484|0.6666666666666666|122.190816|41972.0078125|2|3
1485|1.0|1145.28768|334813.09375|16|16
1486|NA|NA|NA|NA|NA
1487|0.8571428571428571|455.037408|137982.84375|6|7
1488|NA|NA|NA|NA|NA
1489|NA|NA|NA|NA|NA
1490|0.0|0.0|0.0|0|2
1491|1.0|854.794112|255725.8125|10|10
1492|0.8|233.71792|204600.3125|4|5
1493|1.0|747.162304|348739.34375|9|9
1494|1.0|415.723904|331324.4375|6|6
1495|0.75|247.208736|221681.5625|3|4
1496|0.6666666666666666|207.181664|89785.859375|4|6
1497|1.0|804.346624|323127.125|10|10
1498|NA|NA|NA|NA|NA
1499|0.0|0.0|0.0|0|2
1500|1.0|987.847104|322795.65625|13|13
1501|0.75|229.095904|182223.140625|3|4
1502|0.6|160.867776|170685.40625|3|5
1503|0.0|0.0|0.0|0|2
1504|NA|NA|NA|NA|NA
1505|1.0|498.868|382691.5625|6|6
1506|NA|NA|NA|NA|NA
1507|0.5|76.894296|77519.171875|1|2
1508|0.6666666666666666|146.926528|169611.21875|2|3
1509|0.3333333333333333|54.36036|75646.65625|1|3
1510|0.6666666666666666|130.232488|171766.65625|2|3
1511|0.8333333333333334|425.611264|173639.0625|5|6
1512|1.0|637.015808|342552.5|8|8
1513|0.75|237.190912|60990.96875|3|4
1514|1.0|582.201344|311120.3125|9|9
1515|1.0|56.638656|41325.41015625|1|1
1516|NA|NA|NA|NA|NA
1517|NA|NA|NA|NA|NA
1518|1.0|820.5536|320041.25|13|13
1519|0.5|141.70032|181561.015625|2|4
1520|0.8571428571428571|443.980288|201577.625|6|7
1521|0.6666666666666666|122.807696|143048.875|2|3
1522|0.6|152.682976|118983.953125|3|5
1523|0.75|195.552192|199382.859375|3|4
1524|1.0|416.081184|318149.21875|6|6
1525|0.8|211.43328|147557.25|4|5
1526|0.0|0.0|0.0|0|2
1527|1.0|614.456896|315412.875|8|8
1528|0.6666666666666666|229.794944|93650.90625|4|6
1529|0.75|221.550704|190155.578125|3|4
1530|0.75|240.512032|117120.03125|3|4
1531|NA|NA|NA|NA|NA
1532|NA|NA|NA|NA|NA
1533|1.0|448.959616|327425.4375|7|7
1534|0.7142857142857143|220.9556|129426.171875|5|7
1535|1.0|442.471616|363953.625|6|6
1536|1.0|440.713792|343727.75|6|6
1537|NA|NA|NA|NA|NA
1538|1.0|440.22704|313667.34375|7|7
1539|0.5|101.957904|102098.59375|2|4
1540|1.0|253.06352|196969.5625|3|3
1541|1.0|842.287104|309438.5625|12|12
1542|NA|NA|NA|NA|NA
1543|1.0|429.408448|208046.734375|6|6
1544|0.8|294.171456|196343.6875|4|5
1545|0.75|253.316864|129056.1953125|3|4
1546|0.8571428571428571|473.680192|166141.828125|6|7
1547|1.0|450.395584|323394.09375|6|6
1548|0.8|341.152096|164066.40625|4|5
1549|1.0|64.916296|70174.015625|1|1
1550|1.0|405.461632|361116.25|5|5
1551|0.6666666666666666|164.925072|128229.3515625|2|3
1552|0.8571428571428571|403.501216|196228.34375|6|7
1553|0.5|73.745264|26873.111328125|1|2
1554|1.0|818.8|212598.203125|20|20
1555|0.875|548.538624|205264.234375|7|8
1556|1.0|377.541376|250898.53125|6|6
1557|0.5|84.218528|98621.796875|1|2
1558|NA|NA|NA|NA|NA
1559|0.0|0.0|0.0|0|2
1560|1.0|381.37728|243010.359375|6|6
1561|0.8|239.829264|212319.84375|4|5
1562|0.6666666666666666|166.097952|184885.28125|2|3
1563|1.0|816.238848|335605.28125|11|11
1564|1.0|291.554816|304853.15625|4|4
1565|1.0|649.727936|307761.25|8|8
1566|NA|NA|NA|NA|NA
1567|NA|NA|NA|NA|NA
1568|0.75|160.185776|124842.9921875|3|4
1569|0.6666666666666666|156.73448|139214.015625|2|3
1570|0.0|0.0|0.0|0|2
1571|NA|NA|NA|NA|NA
1572|NA|NA|NA|NA|NA
1573|0.75|232.697424|188344.25|3|4
1574|1.0|673.56896|326565.5625|9|9
1575|NA|NA|NA|NA|NA
1576|1.0|726.939456|335558.375|9|9
1577|0.0|0.0|0.0|0|3
1578|0.0|0.0|0.0|0|3
1579|1.0|579.900224|320542.75|7|7
1580|NA|NA|NA|NA|NA
1581|1.0|143.2736|166629.609375|2|2
1582|0.5|71.331896|104208.2890625|1|2
1583|NA|NA|NA|NA|NA
1584|0.8|235.532256|196324.40625|4|5
1585|0.6|132.039056|102073.03125|3|5
1586|0.5|61.832348|87622.890625|1|2
1587|NA|NA|NA|NA|NA
1588|1.0|513.704704|319998.90625|7|7
1589|0.5|69.792624|93480.8515625|1|2
1590|0.875|420.973728|219683.484375|7|8
1591|1.0|304.9248|210057.140625|5|5
1592|NA|NA|NA|NA|NA
1593|1.0|527.75792|309571.0625|8|8
1594|0.5|61.832348|83367.953125|1|2
1595|0.0|0.0|0.0|0|2
1596|0.5|75.954768|92404.734375|1|2
1597|1.0|519.556224|270324.25|8|8
1598|0.8571428571428571|320.0672|222462.6875|6|7
1599|NA|NA|NA|NA|NA
1600|1.0|830.209152|291421.65625|12|12
1601|1.0|795.569664|296368.0625|11|11
1602|1.0|634.919616|307681.84375|9|9
1603|1.0|669.649728|303418.125|10|10
1604|0.5|72.533856|84377.359375|1|2
1605|1.0|582.586688|343139.03125|7|7
1606|0.0|0.0|0.0|0|2
1607|0.0|0.0|0.0|0|2
1608|1.0|504.064352|300793.59375|10|10
1609|1.0|507.744192|310729.96875|8|8
1610|NA|NA|NA|NA|NA
1611|0.75|243.410592|66327.1796875|3|4
1612|1.0|630.56288|311225.5625|8|8
1613|0.0|0.0|0.0|0|2
1614|NA|NA|NA|NA|NA
1615|1.0|334.288|298445.46875|4|4
1616|0.0|0.0|0.0|0|2
1617|0.6666666666666666|157.893392|230275.203125|2|3
1618|NA|NA|NA|NA|NA
1619|NA|NA|NA|NA|NA
1620|1.0|372.374368|332216.3125|5|5
1621|0.6666666666666666|168.199104|214674.953125|2|3
1622|NA|NA|NA|NA|NA
1623|NA|NA|NA|NA|NA
1624|0.8|291.17056|207026.734375|4|5
1625|0.8|308.219392|163990.046875|4|5
1626|0.8|225.695296|242260.4375|4|5
1627|1.0|305.498048|298008.65625|4|4
1628|0.25|53.496716|64363.32421875|1|4
1629|0.75|190.897488|147058.953125|3|4
1630|1.0|134.163408|41807.8671875|2|2
1631|0.0|0.0|0.0|0|2
1632|0.0|0.0|0.0|0|2
1633|0.0|0.0|0.0|0|2
1634|0.0|0.0|0.0|0|2
1635|NA|NA|NA|NA|NA
1636|1.0|367.920224|326086.5625|5|5
1637|1.0|255.154272|134116.421875|3|3
1638|1.0|1010.938688|293987.90625|13|13
1639|1.0|243.489824|301833.78125|3|3
1640|1.0|473.128576|318325.3125|7|7
1641|NA|NA|NA|NA|NA
1642|1.0|744.500224|314295.15625|9|9
1643|1.0|376.72576|296617.96875|5|5
1644|0.3333333333333333|75.37936|26652.953125|1|3
1645|NA|NA|NA|NA|NA
1646|0.75|231.64624|181704.9375|3|4
1647|0.0|0.0|0.0|0|2
1648|1.0|241.604128|254804.65625|3|3
1649|1.0|845.587776|293253.5|12|12
1650|NA|NA|NA|NA|NA
1651|1.0|425.438272|319409.0625|5|5
1652|1.0|627.081024|300513.46875|8|8
1653|1.0|328.899968|252690.28125|5|5
1654|1.0|419.941408|351557.1875|5|5
1655|1.0|762.500928|290924.0|9|9
1656|1.0|304.433984|356781.0|4|4
1657|1.0|179.73592|150020.34375|3|3
1658|1.0|554.529472|299028.0|7|7
1659|1.0|424.185664|312349.8125|6|6
1660|1.0|551.385152|315541.5625|8|8
1661|1.0|504.879008|314437.78125|6|6
1662|NA|NA|NA|NA|NA
1663|NA|NA|NA|NA|NA
1664|1.0|423.958112|296314.65625|8|8
1665|0.6666666666666666|139.515904|167158.640625|2|3
1666|0.0|0.0|0.0|0|2
1667|1.0|703.953792|291801.75|9|9
1668|NA|NA|NA|NA|NA
1669|0.0|0.0|0.0|0|2
1670|NA|NA|NA|NA|NA
1671|0.8|294.424064|219217.0|4|5
1672|0.75|224.839936|189924.125|3|4
1673|0.8|297.582656|154297.328125|4|5
1674|0.5|68.779608|8652.41015625|1|2
1675|0.8|332.598176|133474.5625|4|5
1676|0.75|248.9552|105722.171875|3|4
1677|0.0|0.0|0.0|0|3
1678|0.6666666666666666|149.457056|184742.296875|2|3
1679|1.0|343.523168|311294.1875|5|5
1680|1.0|1256.631552|285933.03125|18|18
1681|0.3333333333333333|83.063592|36885.6171875|1|3
1682|1.0|315.879872|324285.8125|4|4
1683|1.0|724.605696|310515.6875|9|9
1684|0.75|254.644752|133705.9375|3|4
1685|0.0|0.0|0.0|0|2
1686|1.0|423.528064|310533.96875|5|5
1687|0.6666666666666666|147.241424|204198.53125|2|3
1688|0.6666666666666666|129.265656|113859.375|2|3
1689|1.0|518.341312|291901.96875|7|7
1690|1.0|843.04576|215837.625|10|10
1691|0.75|218.50512|167704.0625|3|4
1692|1.0|477.357792|288318.75|7|7
1693|0.0|0.0|0.0|0|2
1694|1.0|338.044736|246969.640625|5|5
1695|0.6666666666666666|150.229808|83856.921875|2|3
1696|1.0|319.835648|293064.5|4|4
1697|1.0|311.30896|307268.71875|4|4
1698|0.5|84.604128|32102.951171875|1|2
1699|0.8571428571428571|366.060256|163244.96875|6|7
1700|1.0|424.057568|234920.34375|6|6
1701|0.75|145.985376|178087.03125|3|4
1702|0.3333333333333333|67.199848|74137.484375|1|3
1703|0.6666666666666666|170.754576|86423.171875|2|3
1704|0.0|0.0|0.0|0|1
1705|1.0|615.576512|273029.3125|9|9
1706|1.0|334.213472|197157.078125|5|5
1707|1.0|715.408384|245263.4375|9|9
1708|1.0|688.788608|211670.921875|9|9
1709|0.875|417.41696|160470.75|7|8
1710|1.0|366.659584|159962.34375|6|6
1711|0.5|82.668912|56472.91796875|1|2
1712|0.0|0.0|0.0|0|3
1713|NA|NA|NA|NA|NA
1714|NA|NA|NA|NA|NA
1715|0.5|153.192912|52563.921875|2|4
1716|0.5|84.816176|89546.125|1|2
1717|0.6666666666666666|157.660688|151184.75|2|3
1718|1.0|628.890368|295593.4375|8|8
1719|0.8|323.387456|146491.484375|4|5
1720|0.6666666666666666|155.273184|50190.453125|2|3
1721|1.0|370.169216|318254.5|5|5
1722|NA|NA|NA|NA|NA
1723|0.5|78.142096|99909.359375|1|2
1724|NA|NA|NA|NA|NA
1725|NA|NA|NA|NA|NA
1726|1.0|308.702848|286666.71875|4|4
1727|NA|NA|NA|NA|NA
1728|NA|NA|NA|NA|NA
1729|1.0|509.858688|280580.75|6|6
1730|1.0|590.543872|308245.15625|7|7
1731|1.0|652.820864|267407.75|10|10
1732|0.0|0.0|0.0|0|2
1733|1.0|651.488896|248970.859375|9|9
1734|0.5|85.479624|110209.0859375|1|2
1735|1.0|440.523456|272620.4375|6|6
1736|NA|NA|NA|NA|NA
1737|0.5|80.688048|118376.328125|1|2
1738|NA|NA|NA|NA|NA
1739|1.0|529.34224|272014.65625|7|7
1740|0.0|0.0|0.0|0|2
1741|1.0|579.495104|206792.6875|7|7
1742|NA|NA|NA|NA|NA
1743|0.3333333333333333|69.286144|46626.375|1|3
1744|1.0|944.553472|266419.5|13|13
1745|NA|NA|NA|NA|NA
1746|NA|NA|NA|NA|NA
1747|0.6666666666666666|170.952816|180165.90625|2|3
1748|NA|NA|NA|NA|NA
1749|NA|NA|NA|NA|NA
1750|NA|NA|NA|NA|NA
1751|NA|NA|NA|NA|NA
1752|NA|NA|NA|NA|NA
1753|0.75|222.607648|147083.921875|3|4
1754|1.0|411.531904|272281.15625|6|6
1755|0.0|0.0|0.0|0|3
1756|1.0|569.625024|112523.734375|7|7
1757|NA|NA|NA|NA|NA
1758|1.0|326.746112|310731.25|4|4
1759|0.0|0.0|0.0|0|2
1760|0.0|0.0|0.0|0|2
1761|1.0|509.320064|277602.125|6|6
1762|0.6666666666666666|145.649312|183436.828125|2|3
1763|0.75|158.324784|121129.796875|3|4
1764|0.3333333333333333|67.123432|88407.9296875|1|3
1765|0.6666666666666666|145.00192|153905.21875|2|3
1766|1.0|740.455936|228073.8125|10|10
1767|NA|NA|NA|NA|NA
1768|NA|NA|NA|NA|NA
1769|1.0|340.567584|309887.6875|4|4
1770|0.75|202.58936|166173.4375|3|4
1771|0.6666666666666666|170.001568|126635.890625|2|3
1772|0.5|84.11028|116330.6328125|1|2
1773|0.0|0.0|0.0|0|2
1774|1.0|395.93312|264832.84375|6|6
1775|0.0|0.0|0.0|0|2
1776|NA|NA|NA|NA|NA
1777|0.5|84.55176|39823.5859375|1|2
1778|1.0|306.164736|274972.625|4|4
1779|NA|NA|NA|NA|NA
1780|1.0|488.346368|245331.3125|6|6
1781|1.0|725.558336|260304.015625|9|9
1782|NA|NA|NA|NA|NA
1783|1.0|338.986592|266747.5625|4|4
1784|1.0|709.870848|261698.78125|9|9
1785|1.0|669.763968|221616.546875|12|12
1786|1.0|406.689056|261063.671875|5|5
1787|NA|NA|NA|NA|NA
1788|NA|NA|NA|NA|NA
1789|0.3333333333333333|68.10968|46926.5|1|3
1790|0.5|69.792624|87077.0703125|1|2
1791|NA|NA|NA|NA|NA
1792|1.0|313.268832|251275.1875|4|4
1793|NA|NA|NA|NA|NA
1794|1.0|412.386176|260829.25|6|6
1795|1.0|917.988672|195712.265625|11|11
1796|NA|NA|NA|NA|NA
1797|0.0|0.0|0.0|0|2
1798|1.0|754.697856|250597.734375|9|9
1799|NA|NA|NA|NA|NA
1800|1.0|396.299776|251966.546875|5|5
1801|0.0|0.0|0.0|0|2
1802|1.0|393.79968|248633.21875|5|5
1803|NA|NA|NA|NA|NA
1804|NA|NA|NA|NA|NA
1805|1.0|268.945184|251496.125|4|4
1806|NA|NA|NA|NA|NA
1807|0.5|83.479592|102898.9609375|1|2
1808|1.0|227.522208|322801.21875|3|3
1809|1.0|142.8612|125108.109375|2|2
1810|NA|NA|NA|NA|NA
1811|0.6666666666666666|146.552848|115738.15625|2|3
1812|1.0|241.645472|261605.28125|3|3
1813|1.0|661.731456|236209.109375|8|8
1814|NA|NA|NA|NA|NA
1815|1.0|74.24524|84220.671875|1|1
1816|0.0|0.0|0.0|0|2
1817|NA|NA|NA|NA|NA
1818|1.0|325.716928|244387.265625|4|4
1819|1.0|251.879824|303659.625|3|3
1820|NA|NA|NA|NA|NA
1821|1.0|335.855232|239483.640625|4|4
1822|1.0|828.218176|243242.734375|10|10
1823|0.0|0.0|0.0|0|2
1824|1.0|299.68688|247378.140625|4|4
1825|NA|NA|NA|NA|NA
1826|1.0|674.925568|224021.046875|8|8
1827|1.0|622.340224|232133.65625|9|9
1828|1.0|417.451264|272251.3125|5|5
1829|NA|NA|NA|NA|NA
1830|NA|NA|NA|NA|NA
1831|1.0|384.048608|229257.125|5|5
1832|NA|NA|NA|NA|NA
1833|1.0|570.641088|157948.265625|8|8
1834|NA|NA|NA|NA|NA
1835|1.0|404.989824|243500.890625|5|5
1836|1.0|250.228272|219001.59375|3|3
1837|1.0|74.54784|76909.375|1|1
1838|1.0|242.02104|219214.359375|3|3
1839|0.5|80.562272|73784.2890625|1|2
1840|0.6666666666666666|151.111328|89080.1953125|2|3
1841|NA|NA|NA|NA|NA
1842|0.8|263.802528|69745.8046875|4|5
1843|1.0|461.690368|250114.78125|6|6
1844|1.0|583.118848|212712.96875|10|10
1845|1.0|278.091744|231023.15625|4|4
1846|1.0|586.154112|220692.015625|7|7
1847|NA|NA|NA|NA|NA
1848|0.8|294.929344|95780.46875|4|5
1849|NA|NA|NA|NA|NA
1850|NA|NA|NA|NA|NA
1851|NA|NA|NA|NA|NA
1852|1.0|413.876032|226692.390625|5|5
1853|1.0|233.770656|252126.9375|3|3
1854|1.0|410.827968|175942.15625|5|5
1855|NA|NA|NA|NA|NA
1856|1.0|252.081632|162045.484375|3|3
1857|NA|NA|NA|NA|NA
1858|NA|NA|NA|NA|NA
1859|NA|NA|NA|NA|NA
1860|NA|NA|NA|NA|NA
