43|[24.]|6.0
44|[23.]|0.0
122|[77.]|4.0
148|[23.]|10.0
152|[84.]|0.0
158|[26.]|0.0
160|[144.]|5.0
174|[27.]|0.0
206|[84.]|4.0
225|[27.]|0.0
227|[207.]|9.0
236|[128.]|0.0
237|[27.]|0.0
252|[52.]|8.0
257|[5.]|8.0
268|[207. 227.]|3.0
278|[28.]|0.0
283|[37.]|0.0
310|[148.]|0.0
356|[97.]|0.0
412|[36.]|0.0
423|[107.]|10.0
447|[210.]|10.0
474|[26.]|0.0
477|[279.]|0.0
500|[26.]|0.0
507|[446.]|2.0
529|[399.]|0.0
544|[26.]|0.0
551|[415.]|1.0
567|[149.]|2.0
572|[64.]|0.0
573|[340.]|0.0
578|[221.]|0.0
581|[36.]|0.0
586|[123.]|9.0
589|[12.]|5.0
602|[456.]|5.0
604|[77.]|0.0
614|[36.]|1.0
620|[320.]|2.0
631|[295.]|2.0
634|[624.]|1.0
636|[8.]|0.0
638|[26.]|1.0
641|[265.]|16.0
653|[57.]|9.0
656|[77.]|3.0
675|[47.]|0.0
678|[295.]|8.0
682|[18.]|0.0
707|[706.]|8.0
712|[527.]|1.0
718|[54.]|0.0
734|[444.]|0.0
751|[742.]|8.0
753|[112.]|0.0
770|[123.]|3.0
780|[26.]|0.0
804|[17.]|0.0
811|[808.]|3.0
814|[18.]|1.0
830|[229.]|9.0
831|[428.]|9.0
839|[490.]|0.0
845|[525.]|0.0
857|[123.]|0.0
873|[428.]|2.0
884|[687.]|0.0
890|[331.]|0.0
901|[22.]|0.0
906|[429.]|0.0
916|[18.]|0.0
940|[852.]|3.0
948|[322.]|0.0
953|[143.]|0.0
961|[320.]|5.0
968|[800. 811.]|1.0
970|[15.]|0.0
974|[419.]|0.0
976|[435.]|7.0
977|[78.]|11.0
991|[658.]|0.0
999|[59.]|0.0
1005|[36.]|1.0
1024|[379.]|0.0
1036|[41.]|5.0
1038|[18.]|0.0
1039|[658.]|9.0
1055|[531.]|0.0
1066|[275.]|2.0
1071|[672.]|0.0
1079|[123.]|0.0
1083|[657.]|5.0
1084|[117.]|0.0
1085|[193.]|1.0
1092|[775.]|5.0
1094|[487.]|1.0
1107|[1042.]|1.0
1128|[768.]|1.0
1132|[26.]|0.0
1138|[413.]|1.0
1147|[181.]|0.0
1167|[26.]|0.0
1182|[957.]|9.0
1185|[  72. 1044.]|3.0
1188|[911.]|0.0
1189|[733.]|0.0
1201|[379.]|0.0
1208|[482.]|9.0
1212|[1200.]|1.0
1230|[1058.]|2.0
1237|[851.]|0.0
1244|[37.]|0.0
1260|[808. 811.]|0.0
1273|[833.]|4.0
1285|[1211.]|0.0
1290|[62.]|0.0
1306|[464.]|0.0
1328|[222.]|4.0
1336|[943.]|0.0
1344|[528.]|0.0
1350|[131.]|0.0
1360|[508.]|1.0
1366|[651.]|3.0
1367|[1326.]|0.0
1381|[526.]|0.0
1386|[19.]|0.0
1387|[1324.]|2.0
1400|[1283.]|0.0
1401|[322.]|0.0
1418|[831.]|5.0
1421|[1322.]|7.0
1423|[600.]|0.0
1425|[943.]|7.0
1433|[528.]|0.0
1434|[856.]|3.0
1436|[742. 751.]|0.0
1454|[26.]|0.0
1466|[599.]|0.0
1471|[535.]|0.0
1478|[852. 940.]|0.0
1484|[1455.]|3.0
1489|[93.]|0.0
1498|[290.]|0.0
1506|[1109.]|0.0
1509|[443.]|3.0
1515|[437.]|1.0
1523|[194.]|4.0
1531|[524.]|0.0
1539|[159.]|4.0
1543|[80.]|6.0
1549|[181.]|1.0
1560|[93.]|6.0
1568|[1076.]|4.0
1572|[18.]|0.0
1575|[667.]|0.0
1581|[55.]|2.0
1582|[221.]|2.0
1589|[347.]|2.0
1591|[1484.]|5.0
1597|[1151.]|8.0
1610|[58.]|0.0
1614|[362.]|0.0
1619|[107.]|0.0
1622|[18.]|0.0
1623|[1308.]|0.0
1630|[147.]|2.0
1635|[31.]|0.0
1641|[76.]|0.0
1650|[191.]|0.0
1653|[599.]|5.0
1657|[123.]|3.0
1662|[ 18. 814.]|0.0
1663|[1451.]|0.0
1668|[941.]|0.0
1670|[ 18. 814.]|0.0
1694|[112.]|5.0
1695|[1183.]|3.0
1704|[ 700. 1426.]|1.0
1707|[981.]|9.0
1710|[587.]|6.0
1724|[37.]|0.0
1738|[911.]|0.0
1742|[1435.]|0.0
1746|[17.]|0.0
1748|[321.]|0.0
1749|[493.]|0.0
1750|[988.]|0.0
1751|[472.]|0.0
1767|[19.]|0.0
1776|[1210.]|0.0
1779|[504.]|0.0
1788|[65.]|0.0
1791|[113.]|0.0
1803|[102.]|0.0
1804|[496.]|0.0
1806|[1232.]|0.0
1809|[53.]|2.0
1814|[37.]|0.0
1815|[677.]|1.0
1825|[1651.]|0.0
1829|[496.]|0.0
1830|[358. 822.]|0.0
1834|[350.]|0.0
1837|[690.]|1.0
1841|[362.]|0.0
1842|[1774.]|5.0
1850|[47.]|0.0
1851|[322.]|0.0
1855|[11.]|0.0
1857|[224.]|0.0
1859|[322.]|0.0
